# Data taken on 2022-08-09_191857
# Amplifier AM Modulation Voltage: 3.25 V, 100% = 611.09 +/- 1.83 uW
# RF Freq/MHz	RF Input/dBm	Power/uW	Dev/uW
75.0	0.0	510.72300500000006	0.9839432241284721
75.0	-0.5	499.0348223333333	0.8410603486678095
75.0	-1.0	482.63583	1.4912024413539564
75.0	-1.5	464.73152933333336	1.253700427723022
75.0	-2.0	442.1730876666666	1.2501792855351668
75.0	-2.5	417.2447016666667	0.9272005460869233
75.0	-3.0	389.29868466666665	0.9737159017041639
75.0	-3.5	365.722354	0.8874184045217905
75.0	-4.0	339.91099433333335	0.4759577344343602
75.0	-4.5	313.54580500000003	0.6223027963205152
75.0	-5.0	286.6908493333333	0.7136096481734422
75.0	-5.5	262.844194	0.8106084700379932
75.0	-6.0	240.28424666666666	0.8025009008233078
75.0	-6.5	218.7539096666667	0.5318449637879021
75.0	-7.0	197.64176566666669	0.5188923941960955
75.0	-7.5	179.75036133333333	0.680459873496023
75.0	-8.0	161.85402066666668	0.35122003298913457
75.0	-8.5	145.45421499999998	0.4313943950821952
75.0	-9.0	131.28018500000002	0.36919352031376323
75.0	-9.5	118.559906	0.23311532302846746
75.0	-10.0	106.40900966666666	0.162946165670002
75.5	0.0	509.34339500000004	1.1273935463307982
75.5	-0.5	497.7374106666667	1.1788916127813582
75.5	-1.0	477.1253383333334	0.9887398315687275
75.5	-1.5	458.277649	1.9657785290139727
75.5	-2.0	434.598607	1.4543419164296716
75.5	-2.5	408.27588999999995	0.9567125147608353
75.5	-3.0	384.7663966666667	1.0880126163433153
75.5	-3.5	358.417336	1.0432419229357457
75.5	-4.0	331.43506766666667	1.437796492700282
75.5	-4.5	305.826418	0.622021964732223
75.5	-5.0	278.280786	0.4954106285402698
75.5	-5.5	255.10438999999997	0.9820454849785026
75.5	-6.0	232.98295933333335	0.6237226149068362
75.5	-6.5	212.27845	0.4921256887218944
75.5	-7.0	192.93171099999998	0.705931729096847
75.5	-7.5	175.05207433333334	0.46833082197084913
75.5	-8.0	157.07660366666667	0.3993905748177126
75.5	-8.5	142.12681666666668	0.413913799869275
75.5	-9.0	128.14380133333333	0.3525491528825775
75.5	-9.5	115.32218933333333	0.19472000450104973
75.5	-10.0	103.81747833333336	0.37547684908289936
76.0	0.0	501.3538133333334	2.0481160368711766
76.0	-0.5	489.1104003333333	1.1086864832163128
76.0	-1.0	470.5975816666666	1.3356580745075526
76.0	-1.5	451.005786	1.1036575710808154
76.0	-2.0	427.41526366666665	1.0147525909369366
76.0	-2.5	402.987841	0.5801818275785044
76.0	-3.0	379.6055336666666	0.6765533599551163
76.0	-3.5	354.327558	0.6664294566088765
76.0	-4.0	326.1641216666667	0.5951994278087684
76.0	-4.5	301.5432246666667	0.9131350306452798
76.0	-5.0	276.8565886666667	0.5727322016482808
76.0	-5.5	253.964634	0.7194579867585494
76.0	-6.0	232.89416466666668	0.6474159998678507
76.0	-6.5	212.14396233333338	0.4024627820240721
76.0	-7.0	191.41911366666668	0.4085775194662835
76.0	-7.5	173.64713166666667	0.6433699663987161
76.0	-8.0	156.81084066666668	0.20586281827037897
76.0	-8.5	141.990398	0.30756946141644
76.0	-9.0	128.38577733333332	0.2161687606621756
76.0	-9.5	116.15889366666669	0.35411982015492366
76.0	-10.0	104.31853866666668	0.1881956141134948
76.5	0.0	500.22621033333337	2.0082796107016336
76.5	-0.5	488.495125	1.1031455528208103
76.5	-1.0	470.00073266666664	0.8454606751348964
76.5	-1.5	451.1255363333333	1.2060230868491786
76.5	-2.0	427.43078733333334	0.8739168252411412
76.5	-2.5	403.0242486666666	0.646398363883726
76.5	-3.0	377.63970066666667	0.6644300382530051
76.5	-3.5	351.7226873333333	0.5554116025431557
76.5	-4.0	324.14881933333334	0.3645628771001728
76.5	-4.5	300.5646946666667	0.2660312790598561
76.5	-5.0	277.03845033333334	0.9144826305257093
76.5	-5.5	255.5846623333333	0.27339445187229966
76.5	-6.0	232.80125833333335	0.5643720512781328
76.5	-6.5	211.35890933333337	0.25168124770475436
76.5	-7.0	190.88155099999997	0.2404638255517867
76.5	-7.5	173.534337	0.30280151711035797
76.5	-8.0	156.19667266666667	0.13544957063875213
76.5	-8.5	141.00230833333333	0.11412327514821351
76.5	-9.0	127.12741366666665	0.1977590534292232
76.5	-9.5	114.68728466666668	0.1197410050827293
76.5	-10.0	103.02250799999999	0.1937954951385608
77.0	0.0	497.868404	1.0628847592522324
77.0	-0.5	487.0475833333333	1.4215924759656735
77.0	-1.0	472.506956	1.2733758568194502
77.0	-1.5	452.192549	0.7449634207567969
77.0	-2.0	428.293141	0.48015378347532034
77.0	-2.5	405.645722	0.5179117254732376
77.0	-3.0	378.6618236666667	0.5357073310803401
77.0	-3.5	353.105103	0.4550962027135964
77.0	-4.0	326.17356333333333	0.6392029119579732
77.0	-4.5	301.91292699999997	0.6149918538791141
77.0	-5.0	277.7544473333333	0.5696371984806553
77.0	-5.5	255.23039066666666	0.8961142966792163
77.0	-6.0	232.6310543333333	0.983612222057667
77.0	-6.5	211.74740333333332	0.7092806529544959
77.0	-7.0	191.879919	0.9103653038418145
77.0	-7.5	173.92697066666668	0.4308495241646296
77.0	-8.0	156.46624633333334	0.32895387871233406
77.0	-8.5	142.38504733333332	0.4171764292153727
77.0	-9.0	128.373638	0.47344420750777655
77.0	-9.5	115.94676666666668	0.4095334250366169
77.0	-10.0	103.98211533333334	0.6231573819656014
77.5	0.0	499.44296099999997	2.822956500103929
77.5	-0.5	492.671753	2.2873414514069212
77.5	-1.0	472.2876156666667	2.44628796736768
77.5	-1.5	451.06401099999994	0.996151040193707
77.5	-2.0	428.68881833333336	0.8226443042594752
77.5	-2.5	404.54842766666667	0.5103252650038248
77.5	-3.0	378.7961856666667	0.5650976976251307
77.5	-3.5	351.62094233333335	0.4893420674823378
77.5	-4.0	323.8896526666667	0.3660311116461096
77.5	-4.5	300.28462233333335	1.1602803697244417
77.5	-5.0	276.39259166666665	0.8063000725105717
77.5	-5.5	254.2269023333333	0.46579747687296674
77.5	-6.0	230.64154166666665	0.2262084280714473
77.5	-6.5	209.85802133333334	0.2570179647642459
77.5	-7.0	190.56519200000005	0.4029160207818328
77.5	-7.5	172.18132766666665	0.23414747269165456
77.5	-8.0	155.79580066666668	0.16798273006340714
77.5	-8.5	141.71266133333333	0.2876244866225561
77.5	-9.0	128.0229963333333	0.16852622047193555
77.5	-9.5	115.23342833333335	0.3034180903152538
77.5	-10.0	104.03507499999999	0.19584771305362111
78.0	0.0	499.07378933333325	0.8308711470215386
78.0	-0.5	487.14877366666667	0.5376387781524135
78.0	-1.0	469.97361	0.5780518268863681
78.0	-1.5	451.55079166666667	0.6611815773778732
78.0	-2.0	428.76928266666675	0.47631064383749505
78.0	-2.5	404.5680013333333	0.7025462129508329
78.0	-3.0	378.0989389999999	0.6952356899730727
78.0	-3.5	353.9124039999999	0.28630688334489285
78.0	-4.0	325.63152733333334	0.3350362824922421
78.0	-4.5	301.185313	0.3062302309771735
78.0	-5.0	275.98648433333335	0.7098677072205455
78.0	-5.5	252.95714133333334	0.3903984417978919
78.0	-6.0	230.21256633333334	0.27193983207054484
78.0	-6.5	209.92571266666667	0.26163049536745797
78.0	-7.0	191.72726100000003	0.3393366207946515
78.0	-7.5	175.07196466666664	0.5060533161155619
78.0	-8.0	157.54317666666668	0.603422436983872
78.0	-8.5	142.37172533333333	0.3249348507391743
78.0	-9.0	128.04483933333333	0.14864454531831603
78.0	-9.5	114.79367866666665	0.29070995524443666
78.0	-10.0	103.61522333333333	0.24635022519891386
78.5	0.0	501.032101	1.5505320399137206
78.5	-0.5	489.728965	1.9818201749338913
78.5	-1.0	473.1095389999999	1.0512479776337278
78.5	-1.5	452.475033	0.627123978633944
78.5	-2.0	429.431656	0.993963239929259
78.5	-2.5	405.28814500000004	0.784022848715736
78.5	-3.0	377.1051503333333	0.4171638915341172
78.5	-3.5	352.486821	0.29852924640476924
78.5	-4.0	326.33844966666663	0.8121786327320811
78.5	-4.5	301.2092643333333	0.658974999875732
78.5	-5.0	277.917798	0.711345327200041
78.5	-5.5	253.03780066666667	0.3476059439454716
78.5	-6.0	230.39658166666666	0.34332941906749304
78.5	-6.5	209.37659266666668	0.3657188301772576
78.5	-7.0	191.328528	0.4136906564282057
78.5	-7.5	172.71331633333332	0.35319397446713185
78.5	-8.0	156.49178666666666	0.372382012395276
78.5	-8.5	141.20510933333333	0.19297525932846643
78.5	-9.0	127.69891066666668	0.23455654191023714
78.5	-9.5	114.72215299999999	0.3051471157616712
78.5	-10.0	103.32113066666666	0.23316482923650572
79.0	0.0	504.13852133333336	1.0534743082826292
79.0	-0.5	493.69219499999997	1.7880458712353149
79.0	-1.0	474.79299	1.2672262170714976
79.0	-1.5	454.60740566666675	2.3014342014856526
79.0	-2.0	432.2405893333334	1.0028449820483498
79.0	-2.5	408.5213043333333	0.4726817425229741
79.0	-3.0	380.381573	1.3711777934818208
79.0	-3.5	354.83004033333333	0.5269290490251584
79.0	-4.0	328.4444906666667	0.7974213356686382
79.0	-4.5	302.001928	0.5645133173652025
79.0	-5.0	277.695084	0.4905041212303929
79.0	-5.5	253.24859933333332	0.5391723862855815
79.0	-6.0	231.799815	0.36847040601428616
79.0	-6.5	210.83408533333335	0.21649676067989831
79.0	-7.0	191.53951166666667	0.30568690823109984
79.0	-7.5	173.17867833333332	0.2769353141028108
79.0	-8.0	156.56653166666666	0.19434850912014323
79.0	-8.5	140.868413	0.16192105822797234
79.0	-9.0	126.72437	0.2807383285196377
79.0	-9.5	114.26550266666668	0.1495313188807688
79.0	-10.0	103.23724833333333	0.16343876120397183
79.5	0.0	505.7511966666667	1.104746080021206
79.5	-0.5	491.989357	1.0542308195477537
79.5	-1.0	474.23503099999994	1.6242700994720696
79.5	-1.5	454.5966276666666	0.8468431805050385
79.5	-2.0	431.654374	0.9108820158454485
79.5	-2.5	405.79648833333334	1.0706829744905315
79.5	-3.0	379.9305096666667	0.7267405308911091
79.5	-3.5	356.1611003333333	0.7147549129596011
79.5	-4.0	328.14060166666667	0.901963428488403
79.5	-4.5	301.871646	0.8716424978265654
79.5	-5.0	277.32863899999995	0.5860643042184025
79.5	-5.5	252.92312633333333	0.5973354074888637
79.5	-6.0	231.53656633333335	0.37602766245746133
79.5	-6.5	210.22153866666665	0.4085393434805947
79.5	-7.0	190.85290500000002	0.4539824937612314
79.5	-7.5	172.12219433333334	0.3454285539749464
79.5	-8.0	156.502916	0.38774081069360533
79.5	-8.5	140.86128866666667	0.5842138991883774
79.5	-9.0	127.54159566666667	0.24573544076483717
79.5	-9.5	114.95837433333334	0.39884717567161293
79.5	-10.0	103.309607	0.21978690865851533
80.0	0.0	502.38572933333336	0.7882287908593284
80.0	-0.5	490.2487926666667	0.9246718955100895
80.0	-1.0	475.02049566666665	0.8570184992059536
80.0	-1.5	455.07617866666664	0.7080878288825171
80.0	-2.0	431.2719006666667	0.8661151948785772
80.0	-2.5	406.48814466666664	0.9024275493014516
80.0	-3.0	380.34723099999997	1.5494324841606821
80.0	-3.5	353.47700100000003	1.5469035400865616
80.0	-4.0	327.8616663333333	0.7554758776205569
80.0	-4.5	302.1478226666667	1.139609815047627
80.0	-5.0	277.763773	0.7519301878971213
80.0	-5.5	252.28732766666667	1.5371897918933808
80.0	-6.0	229.14047633333334	0.4774524452130169
80.0	-6.5	207.82907533333335	0.43414116712373035
80.0	-7.0	189.8845736666667	0.3997441413869903
80.0	-7.5	171.73490633333333	0.5515706714101912
80.0	-8.0	155.85863700000002	0.37070664129155656
80.0	-8.5	140.84831433333332	0.36676390525044145
80.0	-9.0	126.60463266666666	0.3303169282162545
80.0	-9.5	113.90727966666668	0.33316070814731763
80.0	-10.0	102.85132200000001	0.20134677958520547
80.5	0.0	502.0381116666667	1.6472562222871983
80.5	-0.5	489.77904033333334	1.2953857096272732
80.5	-1.0	473.25938733333334	0.9368224826363266
80.5	-1.5	451.4006350000001	0.9265556445468726
80.5	-2.0	428.7515046666667	1.5685332318161338
80.5	-2.5	403.74616999999995	0.9482029950209349
80.5	-3.0	375.07060066666673	0.8323139847434703
80.5	-3.5	350.79723633333333	0.7633383219865376
80.5	-4.0	327.45609	0.9256853089648398
80.5	-4.5	298.535207	0.7342899723435771
80.5	-5.0	274.16669866666666	1.2286013090224
80.5	-5.5	249.68924966666668	0.3744575267413145
80.5	-6.0	228.21169000000003	0.6535735168288284
80.5	-6.5	208.443133	0.5086702651466195
80.5	-7.0	189.7579296666667	0.41125238404969194
80.5	-7.5	171.506296	0.49171272885429107
80.5	-8.0	155.58815	0.29223149870151477
80.5	-8.5	140.502087	0.3892388899262242
80.5	-9.0	126.94680866666666	0.31406059934067243
80.5	-9.5	113.87308633333333	0.26781154110037075
80.5	-10.0	103.007098	0.308124811933952
81.0	0.0	503.7165233333333	1.881099380713903
81.0	-0.5	488.0219816666666	1.959398393724602
81.0	-1.0	471.75150866666667	1.4844805814127564
81.0	-1.5	451.3692316666666	1.6608404302231743
81.0	-2.0	422.62274499999995	0.8284670470060946
81.0	-2.5	399.77029233333326	1.3569860425005198
81.0	-3.0	373.6957683333333	1.2482972939156827
81.0	-3.5	348.0290013333334	0.7523601190021227
81.0	-4.0	322.8442323333333	1.2174474177644043
81.0	-4.5	296.73715366666664	1.089518036283269
81.0	-5.0	272.264597	0.7202366318956108
81.0	-5.5	249.81678666666667	0.769552060068424
81.0	-6.0	229.00131733333336	1.0528331887338864
81.0	-6.5	207.888847	0.5902975235062954
81.0	-7.0	189.76567966666667	0.581161884836363
81.0	-7.5	170.84309933333333	0.6031845893253195
81.0	-8.0	154.16159033333335	0.5755981693043818
81.0	-8.5	139.15302966666667	0.36915843408111654
81.0	-9.0	125.20358366666666	0.4718534225087517
81.0	-9.5	112.67912100000001	0.5106669537891924
81.0	-10.0	101.910425	0.24879427587533678
81.5	0.0	498.57124533333337	1.4199717909680079
81.5	-0.5	484.09162433333336	2.5860168921608397
81.5	-1.0	467.62835399999994	1.3188264674894348
81.5	-1.5	445.79745099999997	1.1455413210642662
81.5	-2.0	422.42699899999997	1.6004755762998484
81.5	-2.5	397.774913	0.9486617606384612
81.5	-3.0	373.85519099999993	3.009363388800415
81.5	-3.5	349.08242499999994	1.2535526997464683
81.5	-4.0	322.78865133333335	1.1021715019745728
81.5	-4.5	295.707307	0.6628694889777824
81.5	-5.0	271.85423733333334	0.8256520560580534
81.5	-5.5	249.23960399999999	0.48880510211194267
81.5	-6.0	228.513411	0.7540896410544752
81.5	-6.5	207.27441	0.3842485062647168
81.5	-7.0	188.56175133333332	0.6259781051801157
81.5	-7.5	169.87403066666667	0.5602400048725149
81.5	-8.0	153.667181	0.3908099080614525
81.5	-8.5	139.22157033333335	0.36022443150516886
81.5	-9.0	126.19437433333334	0.291153644790093
81.5	-9.5	113.413915	0.22543394104482142
81.5	-10.0	102.49758433333334	0.4422291663318418
82.0	0.0	499.674683	1.8539684734404207
82.0	-0.5	486.1459923333333	1.1482404885771487
82.0	-1.0	468.35256566666664	2.120681276309073
82.0	-1.5	448.86767166666664	1.4188066149164076
82.0	-2.0	423.0799583333333	1.1708336274910658
82.0	-2.5	400.5712406666667	1.4878279587190915
82.0	-3.0	375.528819	1.3414057771255008
82.0	-3.5	348.88893500000006	0.836915869990326
82.0	-4.0	319.53369133333337	2.571004797102656
82.0	-4.5	293.0050283333333	0.7599547952765933
82.0	-5.0	268.55297233333334	0.6519866958519069
82.0	-5.5	247.44276566666667	0.7111231778587213
82.0	-6.0	226.43384166666667	0.8915268943020664
82.0	-6.5	204.81707466666668	0.5402452909789119
82.0	-7.0	187.02159499999996	0.6004303470359118
82.0	-7.5	168.77951733333333	0.7132100394457589
82.0	-8.0	152.578107	0.558027264761918
82.0	-8.5	137.89836166666666	0.47374008365757747
82.0	-9.0	124.72362566666666	1.1365060716399868
82.0	-9.5	111.588463	0.46970954354544125
82.0	-10.0	101.201489	0.22534936553198187
82.5	0.0	494.09786500000007	1.3974818954492156
82.5	-0.5	479.2625456666666	2.6597439661079982
82.5	-1.0	462.2724843333334	1.3694624080594127
82.5	-1.5	440.1712343333333	1.3741151562931504
82.5	-2.0	417.11147833333337	1.3377685732332607
82.5	-2.5	393.414178	1.1183248548533047
82.5	-3.0	371.944358	2.5462239467826313
82.5	-3.5	345.09219033333335	1.1804475005013493
82.5	-4.0	319.91283866666663	0.8580795557356867
82.5	-4.5	294.08079733333335	0.81868392370085
82.5	-5.0	271.080375	0.6354188899523945
82.5	-5.5	248.59460833333335	0.8985529197533234
82.5	-6.0	226.219462	0.5014358887794137
82.5	-6.5	204.46414833333336	0.4568051229250351
82.5	-7.0	186.741098	0.4889058591003656
82.5	-7.5	169.16722333333334	0.5583047944049498
82.5	-8.0	152.75651466666667	0.371580827167149
82.5	-8.5	138.11696700000002	0.5270925863429186
82.5	-9.0	124.69204766666668	0.6928010854936809
82.5	-9.5	110.76876299999999	0.29242002809486217
82.5	-10.0	100.1461112	0.42793318443563927
83.0	0.0	491.3601533333333	1.0812771805395487
83.0	-0.5	474.4520483333333	0.8719298419772987
83.0	-1.0	457.8558206666668	1.6918833942797469
83.0	-1.5	437.48243133333335	1.249905244122484
83.0	-2.0	413.83496233333335	1.121536441783273
83.0	-2.5	391.4536056666666	1.2380020065282145
83.0	-3.0	367.23272633333335	1.6968490716933395
83.0	-3.5	339.92397766666664	1.0938664972630594
83.0	-4.0	316.197777	1.121110681097543
83.0	-4.5	290.9024703333334	1.5719024349875823
83.0	-5.0	268.573547	0.9164466126245415
83.0	-5.5	246.15414966666668	0.7194633759035639
83.0	-6.0	223.77285433333333	0.8347380398152217
83.0	-6.5	203.03647633333333	0.8721064847673272
83.0	-7.0	185.05608933333335	0.5530707899412345
83.0	-7.5	166.518306	0.6972962892706837
83.0	-8.0	151.12193433333331	0.6194359095348154
83.0	-8.5	136.81472966666666	0.4449485624802274
83.0	-9.0	123.58934233333333	0.4355856377428998
83.0	-9.5	111.18102633333332	0.5224586398046792
83.0	-10.0	100.41886219999999	0.22724807010070153
83.5	0.0	486.28571600000004	0.7012847809632432
83.5	-0.5	472.7767393333333	1.091170825025223
83.5	-1.0	455.6332496666666	1.1258874135542563
83.5	-1.5	433.6877956666667	1.3522757368899383
83.5	-2.0	411.578484	1.298279029232159
83.5	-2.5	388.08820166666663	1.0276437753410559
83.5	-3.0	361.4090656666667	1.0693185119604116
83.5	-3.5	333.0112046666667	1.2078657464490374
83.5	-4.0	309.8887886666667	0.878385865478011
83.5	-4.5	285.829003	1.1574389589337593
83.5	-5.0	263.240844	0.5582779746661466
83.5	-5.5	240.2735853333333	0.9872907312699509
83.5	-6.0	220.47214799999998	1.9548764951856512
83.5	-6.5	200.65223466666663	0.5140716411794082
83.5	-7.0	183.45107000000002	0.4794919941285078
83.5	-7.5	166.52158766666668	0.63303810652642
83.5	-8.0	150.079078	0.4378571257644041
83.5	-8.5	136.768848	0.45821210906740456
83.5	-9.0	123.29024466666667	0.6737413584887171
83.5	-9.5	111.45954733333333	0.6281554375785944
83.5	-10.0	100.93092229999999	0.43322479641949163
84.0	0.0	488.42073766666664	2.6078341212932266
84.0	-0.5	476.6863023333334	2.111651714242013
84.0	-1.0	456.00208466666675	1.1681720747239641
84.0	-1.5	437.06812900000006	1.5462742692330902
84.0	-2.0	411.3167223333333	0.560931397381077
84.0	-2.5	385.1149586666667	1.51971232199548
84.0	-3.0	363.7357826666667	0.8036926772298537
84.0	-3.5	334.504138	0.9219718377600636
84.0	-4.0	310.6797876666667	0.7519318767334514
84.0	-4.5	284.977928	0.387942285418848
84.0	-5.0	260.997103	0.6820116741847871
84.0	-5.5	238.26271166666666	0.7257187994422403
84.0	-6.0	217.07310466666667	0.6024044480620045
84.0	-6.5	197.65216299999997	0.4438073994024136
84.0	-7.0	180.62874200000002	0.37891939173919276
84.0	-7.5	164.20537966666666	0.16650130786239714
84.0	-8.0	149.24983233333333	0.5933718290874255
84.0	-8.5	134.890622	0.20395960331071947
84.0	-9.0	122.282386	0.13435606798354904
84.0	-9.5	109.636846	0.25674722773706155
84.0	-10.0	98.93625376666667	0.17621026002802903
84.5	0.0	480.55366366666664	1.2553935725022214
84.5	-0.5	463.59663066666667	2.4096861662035733
84.5	-1.0	445.27620299999995	0.5069053058751051
84.5	-1.5	424.6797856666666	0.7327954596801799
84.5	-2.0	403.1536323333333	0.630820253707734
84.5	-2.5	378.13642433333337	0.5330467799432712
84.5	-3.0	352.659907	1.134224398881311
84.5	-3.5	327.85598633333336	0.6088344368380342
84.5	-4.0	305.08131899999995	0.5157315120993989
84.5	-4.5	281.55239566666665	0.7138523356511185
84.5	-5.0	258.342335	0.3287291409478846
84.5	-5.5	234.296785	0.3776766687370745
84.5	-6.0	214.467398	0.2185767727733198
84.5	-6.5	195.63855566666666	0.3587318862807663
84.5	-7.0	178.16746166666667	0.4478594085914566
84.5	-7.5	162.21085900000003	0.5561506394724958
84.5	-8.0	145.73391533333333	0.15485562791911164
84.5	-8.5	130.92835599999998	0.20379487218933307
84.5	-9.0	118.16586466666666	0.10422537287798755
84.5	-9.5	105.81868133333333	0.16035021188497223
84.5	-10.0	95.24117439999998	0.1468129303954756
85.0	0.0	464.0172403333333	1.1990012540610149
85.0	-0.5	451.3306906666667	0.4438352287875432
85.0	-1.0	434.9207256666667	0.37495448044781277
85.0	-1.5	415.27105933333326	0.4668357624970707
85.0	-2.0	394.57645033333336	0.8852871053316862
85.0	-2.5	371.1284759999999	0.6521049645243724
85.0	-3.0	347.13936966666665	0.4300942373634214
85.0	-3.5	323.76481866666666	0.43143699167420513
85.0	-4.0	302.0877316666667	0.5894559200346455
85.0	-4.5	278.35904266666665	0.35062330714441625
85.0	-5.0	256.435478	0.24698557754654524
85.0	-5.5	234.5344566666667	0.26649278061933074
85.0	-6.0	214.55115466666663	0.2750404298975354
85.0	-6.5	195.44987733333332	0.3357959692326416
85.0	-7.0	178.18713733333334	0.28040544658206773
85.0	-7.5	160.55796833333335	0.25512270772556195
85.0	-8.0	143.98432466666668	1.4150054861819032
85.0	-8.5	129.78452266666665	0.1436969339253816
85.0	-9.0	117.22063633333333	0.17844798330761708
85.0	-9.5	106.29107900000001	0.12026624114438801
85.0	-10.0	95.25157170000001	0.24721637857507847
70.0	0.0	386.412522	1.618957993952488
70.0	-0.5	372.16504733333335	1.650389727839927
70.0	-1.0	358.9670906666667	0.6624184451283218
70.0	-1.5	346.94640933333335	1.266255310661934
70.0	-2.0	331.01936366666666	0.5450240350173168
70.0	-2.5	314.1406543333333	0.8043027834805477
70.0	-3.0	295.46412133333337	1.040411117112631
70.0	-3.5	277.25366866666667	0.6978269142260289
70.0	-4.0	260.31140933333336	0.7575497918374019
70.0	-4.5	241.66110533333332	0.8113420024286238
70.0	-5.0	221.73357666666666	0.5484965525162621
70.0	-5.5	204.53244366666667	0.5183848796919365
70.0	-6.0	186.54123766666666	1.1422647290279164
70.0	-6.5	169.48007399999997	0.31806575712788193
70.0	-7.0	154.07340866666667	0.4225233843527345
70.0	-7.5	140.11910833333334	0.17875858374883397
70.0	-8.0	126.43388699999998	0.34160040041594397
70.0	-8.5	114.84556566666669	0.30934353883865484
70.0	-9.0	104.18355833333332	0.127117659134712
70.0	-9.5	93.85454340000001	0.25066746394996414
70.0	-10.0	84.92560280000001	0.293755125309319
70.5	0.0	411.56178266666666	1.356725592041203
70.5	-0.5	399.23002399999996	0.5648564190045687
70.5	-1.0	383.61632700000007	1.2183645188274592
70.5	-1.5	368.89878966666663	0.8739686428928026
70.5	-2.0	351.218194	1.0133696951412472
70.5	-2.5	332.64407966666664	0.6801179275095527
70.5	-3.0	312.81502900000004	0.791785908032596
70.5	-3.5	292.213457	0.47095180094959405
70.5	-4.0	270.59158833333333	1.0524709504449759
70.5	-4.5	249.668016	0.5687864746493196
70.5	-5.0	229.42089133333334	0.4671759342313021
70.5	-5.5	211.135088	0.6102487746179149
70.5	-6.0	193.77455066666667	0.24195877630887638
70.5	-6.5	177.13617533333337	0.5084169495517995
70.5	-7.0	159.61110733333334	0.1542913320514861
70.5	-7.5	144.091672	0.19734040576965806
70.5	-8.0	129.78806933333334	0.18076817158879407
70.5	-8.5	117.353364	0.06879320826942152
70.5	-9.0	106.29509466666666	0.10267723070325259
70.5	-9.5	96.14577549999998	0.12394963179890137
70.5	-10.0	86.46191680000001	0.06856865171315589
71.0	0.0	423.8809606666667	0.7616152417414506
71.0	-0.5	410.80435466666665	1.010073957132952
71.0	-1.0	395.005616	0.5260948943653919
71.0	-1.5	378.6060996666667	0.2543134595990219
71.0	-2.0	359.9267509999999	0.29735432007231094
71.0	-2.5	341.570493	0.32629091102521923
71.0	-3.0	321.282537	0.602394986669321
71.0	-3.5	300.43051199999996	0.3877416792866106
71.0	-4.0	281.8254876666667	0.4281588566344927
71.0	-4.5	260.24756699999995	0.5888004847521204
71.0	-5.0	239.47706966666667	0.5608543698203262
71.0	-5.5	220.78886566666665	0.5951479375930155
71.0	-6.0	201.02504900000002	0.5903615513104368
71.0	-6.5	184.55621700000003	0.7326519582386983
71.0	-7.0	166.9967146666667	0.6015909334851677
71.0	-7.5	151.14334699999998	0.47668351897004824
71.0	-8.0	136.92008966666668	0.3820140507362109
71.0	-8.5	123.23528333333334	0.44820758924359555
71.0	-9.0	111.43029466666665	0.508546010214306
71.0	-9.5	101.07921766666666	0.2581111678222301
71.0	-10.0	90.6995265	0.43991998527885656
71.5	0.0	441.7893479999999	2.0666368159151687
71.5	-0.5	431.4788066666666	1.622307591659349
71.5	-1.0	414.971219	1.6423389438152907
71.5	-1.5	397.65306566666663	1.0179764676493686
71.5	-2.0	378.64891566666665	1.3190257063029087
71.5	-2.5	358.61112066666675	1.1817892827289018
71.5	-3.0	335.25605433333334	0.8527063727027573
71.5	-3.5	314.10840900000005	1.189537059413873
71.5	-4.0	292.85018333333335	0.6721630727649992
71.5	-4.5	270.9323396666667	1.050318872673066
71.5	-5.0	249.46202866666664	0.7779337335820361
71.5	-5.5	230.29171333333335	0.5661086967084059
71.5	-6.0	209.12954766666664	0.7139390564989103
71.5	-6.5	190.36025466666666	0.8983949920895333
71.5	-7.0	173.061866	0.4892726173045055
71.5	-7.5	156.49690333333334	0.5665305352072587
71.5	-8.0	140.897709	0.48024623647909265
71.5	-8.5	128.22985599999998	0.36560279894625125
71.5	-9.0	115.80136766666666	0.49610603620048366
71.5	-9.5	104.60176566666668	0.37462175513606
71.5	-10.0	94.45359490000001	0.2564137192975249
72.0	0.0	457.8649710000001	2.590084202909049
72.0	-0.5	446.4437486666667	1.851548681014055
72.0	-1.0	431.1588373333333	1.6739121948914248
72.0	-1.5	411.58952300000004	1.602042988438304
72.0	-2.0	391.4302703333332	1.3585953704420424
72.0	-2.5	374.0693773333334	1.295367735543161
72.0	-3.0	350.6124803333334	2.0759841239630306
72.0	-3.5	326.46611866666666	2.144571958049333
72.0	-4.0	304.7920546666667	0.883186572405979
72.0	-4.5	280.8129433333333	1.5742008241609113
72.0	-5.0	258.021743	1.270016730447937
72.0	-5.5	237.942644	0.6463211260129641
72.0	-6.0	217.04938666666666	1.1730042906239608
72.0	-6.5	199.22675333333333	1.0137198974514088
72.0	-7.0	181.56631766666666	0.6086591455167842
72.0	-7.5	164.09370733333336	0.5603299067033825
72.0	-8.0	148.57631266666667	0.7524698914726679
72.0	-8.5	134.36830899999998	0.6435368579335601
72.0	-9.0	120.97854233333332	0.4501400887959462
72.0	-9.5	109.92403366666667	0.4429278562774705
72.0	-10.0	98.65973209999999	0.4558525898645933
72.5	0.0	469.8443983333333	3.3082005744811207
72.5	-0.5	461.006223	1.95497944079667
72.5	-1.0	443.9345356666666	2.9915631488227925
72.5	-1.5	426.7219736666667	1.9966333952364002
72.5	-2.0	407.383619	1.28368249001548
72.5	-2.5	383.118678	1.5600299782320441
72.5	-3.0	359.01491266666665	1.9438753913354563
72.5	-3.5	334.9781796666667	0.8760739055885789
72.5	-4.0	310.5608676666667	1.2717281649345875
72.5	-4.5	288.86936	0.8250507712054264
72.5	-5.0	267.99033599999996	0.8381665934868381
72.5	-5.5	245.08550100000002	0.9185369693153377
72.5	-6.0	223.052062	1.116492639842589
72.5	-6.5	203.41896933333337	0.7743729048244286
72.5	-7.0	183.45756633333335	0.5639086104442995
72.5	-7.5	165.70739866666668	0.7426450761062713
72.5	-8.0	150.38654033333333	0.6362665356383449
72.5	-8.5	135.895355	0.6893590498728998
72.5	-9.0	122.56956333333333	0.47743254531108625
72.5	-9.5	110.95569533333334	0.5182732000064145
72.5	-10.0	99.8401515	0.23232411983638313
73.0	0.0	478.1166596666667	1.1094028726481173
73.0	-0.5	467.95148700000004	2.2012486930144113
73.0	-1.0	452.91408333333334	1.244737694344568
73.0	-1.5	432.1621433333333	1.9992057956737634
73.0	-2.0	411.0927173333333	2.0690092846818127
73.0	-2.5	390.0846256666666	1.1450760400694886
73.0	-3.0	364.030515	2.013195207733631
73.0	-3.5	338.36830033333337	2.2839347546430826
73.0	-4.0	316.545319	1.0986767052105586
73.0	-4.5	292.24938033333336	2.084296120759527
73.0	-5.0	268.532205	1.466652572688907
73.0	-5.5	248.42325733333334	0.7719020247282383
73.0	-6.0	225.786169	0.9735096865323606
73.0	-6.5	204.84207300000003	1.10263472601054
73.0	-7.0	186.40142699999998	0.5946144908013933
73.0	-7.5	168.60632866666668	1.1699531563179006
73.0	-8.0	153.13363433333336	0.8200834164611286
73.0	-8.5	139.76644066666668	0.6044617968183665
73.0	-9.0	125.35007800000002	0.68539620263222
73.0	-9.5	113.81871333333333	0.7634818141179848
73.0	-10.0	102.21390333333333	0.527790103471278
73.5	0.0	484.70094966666665	2.094285710960473
73.5	-0.5	476.8463689999999	1.4273584605273484
73.5	-1.0	460.60921966666666	2.580282355236835
73.5	-1.5	441.7635536666666	1.818196689521391
73.5	-2.0	422.6258103333333	1.4599712098850504
73.5	-2.5	397.6570979999999	1.7739956070208636
73.5	-3.0	370.4141123333334	1.8195866800955687
73.5	-3.5	346.59969366666667	1.094430738402339
73.5	-4.0	321.0154	1.5841208512399951
73.5	-4.5	297.43911399999996	1.361167312886501
73.5	-5.0	274.46742466666666	0.816703300057547
73.5	-5.5	250.6299956666667	1.3933806525789068
73.5	-6.0	229.28173533333333	1.393657758544602
73.5	-6.5	209.78591833333334	0.723406690825122
73.5	-7.0	189.63146799999998	1.0348655521254908
73.5	-7.5	171.95695966666665	0.8626056843694896
73.5	-8.0	155.94335500000003	0.5948385873285299
73.5	-8.5	140.31481	0.7374665103582662
73.5	-9.0	126.53798033333334	0.7726856410899287
73.5	-9.5	114.37463799999999	0.5354380844591959
73.5	-10.0	102.60013299999999	0.5250630469867406
74.0	0.0	489.9864876666667	1.4781760244237565
74.0	-0.5	480.06074233333334	1.8725738845969644
74.0	-1.0	465.37742399999996	2.591867948454162
74.0	-1.5	444.8258696666666	1.8021410457230815
74.0	-2.0	422.85921833333333	2.6865363196249312
74.0	-2.5	399.10189033333336	1.3802297068386427
74.0	-3.0	370.556172	2.0244351015569735
74.0	-3.5	347.1985153333333	1.6363885951788921
74.0	-4.0	324.6317493333333	0.9983301423708596
74.0	-4.5	299.23643466666664	1.748339054187779
74.0	-5.0	275.1789626666667	1.3769315920817844
74.0	-5.5	253.142702	0.8990607049560098
74.0	-6.0	229.59300266666668	0.9554419106672881
74.0	-6.5	208.798254	1.016587621810009
74.0	-7.0	190.75137233333336	0.6707989955030396
74.0	-7.5	172.57557333333332	0.9396646004234107
74.0	-8.0	155.80062233333334	0.7362384100058157
74.0	-8.5	141.67374966666668	0.5254255453121358
74.0	-9.0	127.252402	0.6027863157006802
74.0	-9.5	114.587715	0.5875989985596751
74.0	-10.0	103.37706633333335	0.24474724091033606
74.5	0.0	494.214518	3.1732883741752804
74.5	-0.5	480.3718083333334	2.3030382054141514
74.5	-1.0	469.9306963333333	1.942643581682758
74.5	-1.5	448.41931766666664	1.4615098740986636
74.5	-2.0	429.01225900000003	1.8422622266981998
74.5	-2.5	403.91670833333336	1.8501754224750058
74.5	-3.0	375.69651533333337	1.8486920631710293
74.5	-3.5	352.5445073333333	0.8311482125827844
74.5	-4.0	327.0579363333333	1.6416415198249643
74.5	-4.5	302.80779033333334	1.5001624733252126
74.5	-5.0	278.56074766666666	0.9008498402404359
74.5	-5.5	253.98159166666667	1.1762979425286846
74.5	-6.0	231.8425576666667	0.814573449936359
74.5	-6.5	213.6522326666667	0.6668760628479284
74.5	-7.0	193.58385500000003	1.0675695412048491
74.5	-7.5	175.46422066666668	0.8088159831751347
74.5	-8.0	158.49558066666668	0.7758717137256373
74.5	-8.5	142.93729633333334	0.5096269994023952
74.5	-9.0	128.3020183333333	0.5590308339712186
74.5	-9.5	115.90874466666666	0.7639407608828201
74.5	-10.0	103.86659766666665	0.4458814137502131
85.5	0.0	472.4067006666667	2.564034307700704
85.5	-0.5	459.44556600000004	2.7833289797729615
85.5	-1.0	443.8427336666666	1.5968800641876277
85.5	-1.5	422.52677199999994	1.5403893103203914
85.5	-2.0	400.8258149999999	2.051880407522575
85.5	-2.5	378.7559656666666	1.9000955273760758
85.5	-3.0	352.594267	1.92925944402967
85.5	-3.5	329.0090286666666	1.5667343299077727
85.5	-4.0	306.0643123333333	1.3695856239928532
85.5	-4.5	279.6512553333333	1.3167045313223793
85.5	-5.0	256.373955	1.759250413758181
85.5	-5.5	234.72316366666664	1.37181429606193
85.5	-6.0	213.81069333333332	1.0068490604962685
85.5	-6.5	195.57303399999998	1.4600517884116295
85.5	-7.0	177.64909833333334	0.9685137493416878
85.5	-7.5	159.63284000000002	1.0119250632993222
85.5	-8.0	144.6743756666667	1.0738573852586535
85.5	-8.5	130.595055	0.66391181842295
85.5	-9.0	117.72052500000001	0.6481156301476354
85.5	-9.5	107.31725266666668	0.5973065886345322
85.5	-10.0	96.03339823333333	0.7390564864159883
86.0	0.0	463.14320299999997	4.2036157767400235
86.0	-0.5	453.05307533333337	1.7496183279956325
86.0	-1.0	434.97146366666664	2.147988172689323
86.0	-1.5	416.0950236666667	2.5120846821792995
86.0	-2.0	394.95207266666665	2.3026454474624494
86.0	-2.5	368.7819086666666	1.456887910922303
86.0	-3.0	345.882212	1.9767462943911953
86.0	-3.5	321.22942866666665	3.200278908821052
86.0	-4.0	300.69772566666666	1.6998129092367444
86.0	-4.5	279.2047396666666	1.078929121502686
86.0	-5.0	255.98804933333335	1.4161980566171615
86.0	-5.5	236.7857406666667	0.6992878139551836
86.0	-6.0	216.89713966666667	1.7340897328261933
86.0	-6.5	197.07566433333335	0.9309130301275317
86.0	-7.0	180.72510233333335	0.9107741376769669
86.0	-7.5	162.15033566666665	0.7062394836936599
86.0	-8.0	148.21995166666667	0.5403670943570559
86.0	-8.5	133.129121	0.9895683744402587
86.0	-9.0	121.31929333333333	0.8481431081813703
86.0	-9.5	110.098809	0.49230512407008997
86.0	-10.0	98.55957706666666	0.3859308173762864
86.5	0.0	468.66106799999994	3.108046486252951
86.5	-0.5	451.8489890000001	0.8940984219940983
86.5	-1.0	434.35387966666667	2.2516327925574116
86.5	-1.5	415.43084600000003	3.0307676499995804
86.5	-2.0	396.3899436666667	2.0494281737011133
86.5	-2.5	369.74508433333335	1.594813111899913
86.5	-3.0	345.9620723333333	2.0328480327940275
86.5	-3.5	323.528737	1.3505309451586056
86.5	-4.0	301.244772	1.6393322079481023
86.5	-4.5	276.62311066666666	1.2004286952666336
86.5	-5.0	255.37235066666665	1.70447013908513
86.5	-5.5	232.88739633333333	1.2664397392901174
86.5	-6.0	211.10694133333334	1.0883596702798002
86.5	-6.5	192.759238	1.1514492068791669
86.5	-7.0	176.11394366666664	0.7046225929483277
86.5	-7.5	158.56948200000002	0.5811278123981589
86.5	-8.0	142.98588166666667	0.9996039287290506
86.5	-8.5	129.53938866666667	0.6084838553910519
86.5	-9.0	116.79424666666667	0.7620959741543203
86.5	-9.5	106.25520966666666	0.5523198726341063
86.5	-10.0	96.25140246666665	0.266055329334424
87.0	0.0	453.8632323333333	2.6462855272415164
87.0	-0.5	438.8815233333333	5.647106686860879
87.0	-1.0	419.58533566666677	2.929018171275351
87.0	-1.5	398.74827300000004	2.2687428815251405
87.0	-2.0	383.252556	2.3600124453479796
87.0	-2.5	363.7808556666667	3.150157696714227
87.0	-3.0	336.016865	5.4243205753447485
87.0	-3.5	307.07446733333336	2.5336156127030995
87.0	-4.0	284.88289733333335	1.456572892371987
87.0	-4.5	262.68035233333336	1.3751155406708782
87.0	-5.0	241.05515599999995	1.797620999264675
87.0	-5.5	219.89488133333333	2.156624086062493
87.0	-6.0	197.95941566666667	1.2846450576798338
87.0	-6.5	180.28666933333335	1.1383150032655975
87.0	-7.0	165.592491	1.4879749507027986
87.0	-7.5	150.64002566666667	1.4521358188341846
87.0	-8.0	137.831014	0.7424170111673516
87.0	-8.5	123.42180900000001	1.7358692932319724
87.0	-9.0	110.623371	0.9241982846548676
87.0	-9.5	100.31028383333333	0.907604276511505
87.0	-10.0	91.70965060000002	0.9448769094929634
87.5	0.0	430.6000153333334	2.6207634445770895
87.5	-0.5	411.8762760000001	2.5872398558742074
87.5	-1.0	393.3436643333333	1.3506429119723755
87.5	-1.5	375.50098699999995	0.6893873256965206
87.5	-2.0	356.42947633333335	0.9340923363207866
87.5	-2.5	333.5290013333333	1.5340396954875581
87.5	-3.0	311.397324	1.4192220001432732
87.5	-3.5	293.1379136666667	2.2799012825587908
87.5	-4.0	268.8181373333333	0.7878032836985525
87.5	-4.5	246.68219366666668	0.7351475054889004
87.5	-5.0	227.49581666666666	0.48273841818203184
87.5	-5.5	208.432188	0.3815142111673776
87.5	-6.0	191.09091433333333	0.4015244886610969
87.5	-6.5	173.94485566666665	0.3053797169119477
87.5	-7.0	158.44820666666666	0.8863507322850387
87.5	-7.5	146.18350966666665	1.8816259801671218
87.5	-8.0	132.76110833333334	1.9461832075279795
87.5	-8.5	117.24454300000001	1.6532657322657884
87.5	-9.0	106.59555366666666	1.1522687593554535
87.5	-9.5	98.84906526666666	0.645105382176893
87.5	-10.0	88.77811323333334	0.5583766620853216
88.0	0.0	405.00485166666664	2.0421781645252954
88.0	-0.5	392.77996199999995	1.2959988991337905
88.0	-1.0	379.8831866666667	2.262606444602236
88.0	-1.5	359.7379026666667	0.9195291743747047
88.0	-2.0	343.1212086666667	2.116817800329434
88.0	-2.5	325.17735966666663	2.3062445421738222
88.0	-3.0	309.67125733333336	5.008501118942301
88.0	-3.5	295.366778	2.537791084529218
88.0	-4.0	263.9790346666667	2.383484389180029
88.0	-4.5	240.24371733333334	1.6343268108815379
88.0	-5.0	223.63733366666665	2.4569210637842174
88.0	-5.5	203.89732566666666	1.4401326416715552
88.0	-6.0	185.87944233333334	0.9341629872107722
88.0	-6.5	172.062201	2.428177895445953
88.0	-7.0	168.85023766666666	1.4495394001249322
88.0	-7.5	153.92264766666665	1.1388041348396547
88.0	-8.0	139.30793266666666	0.8675835107543751
88.0	-8.5	128.964556	0.8419022002964496
88.0	-9.0	115.73569366666666	1.558621667743615
88.0	-9.5	98.13499286666668	1.6575332824277715
88.0	-10.0	86.1428839	0.5569360204465054
88.5	0.0	400.8443756666666	2.105533753519019
88.5	-0.5	386.608071	1.2759900968629545
88.5	-1.0	371.431734	2.5727098205155814
88.5	-1.5	352.3204953333333	1.152769655212273
88.5	-2.0	334.624096	1.016002240212756
88.5	-2.5	315.98449933333336	0.30013365133923814
88.5	-3.0	295.92423766666667	0.17075048027620662
88.5	-3.5	272.90702200000004	0.4513322008410202
88.5	-4.0	255.029667	0.9462547536354387
88.5	-4.5	234.95521133333335	0.9055283455925348
88.5	-5.0	218.54326100000003	0.8496172449279727
88.5	-5.5	198.79298133333333	1.143964750761533
88.5	-6.0	182.6185793333333	1.2568885674711014
88.5	-6.5	166.71019033333334	0.94575191537733
88.5	-7.0	150.93869433333333	0.7327728585547885
88.5	-7.5	138.03170266666666	0.912455155935285
88.5	-8.0	123.55254566666666	0.7880980737919334
88.5	-8.5	111.544863	0.5834266691118946
88.5	-9.0	101.88435033333333	0.4699927420715013
88.5	-9.5	91.4196461	0.24373004272101959
88.5	-10.0	82.50950223333332	0.4357023492228897
89.0	0.0	389.51646866666664	1.52870077833593
89.0	-0.5	379.1929763333333	2.5154856865238906
89.0	-1.0	366.0234206666667	3.1819687093118207
89.0	-1.5	348.45691766666664	1.4817244618645824
89.0	-2.0	326.2471366666667	0.7951373114053245
89.0	-2.5	306.30020433333334	1.605920184582003
89.0	-3.0	285.7816946666667	0.9673753412050345
89.0	-3.5	263.8807526666667	0.9144644214837203
89.0	-4.0	245.85738600000002	0.4052310415108895
89.0	-4.5	226.517448	0.2808954146344609
89.0	-5.0	208.63762800000003	0.3124841771183517
89.0	-5.5	189.57509133333332	0.36762276633104374
89.0	-6.0	173.0722626666667	0.3799426145348211
89.0	-6.5	157.48256466666666	0.20742975474014197
89.0	-7.0	143.55080333333333	0.38528776949472693
89.0	-7.5	130.06746	0.22396596705749744
89.0	-8.0	118.11577	0.23211621177045458
89.0	-8.5	106.05145499999999	0.09683608818513889
89.0	-9.0	95.76476286666666	0.15715294440273392
89.0	-9.5	86.40063943333332	0.25526193367143196
89.0	-10.0	77.73054896666666	0.22204011871491186
89.5	0.0	374.515855	0.907917056403464
89.5	-0.5	364.1418986666667	0.3352144831768975
89.5	-1.0	350.896934	1.2133994366973013
89.5	-1.5	334.140535	1.4217356203276124
89.5	-2.0	317.39475699999997	0.7159502817591442
89.5	-2.5	295.55414633333334	0.8125137990130114
89.5	-3.0	275.9851606666667	1.2625559785026894
89.5	-3.5	256.93033733333334	1.1434667825839493
89.5	-4.0	238.69047633333332	0.638896450743953
89.5	-4.5	221.09469366666667	0.8816387751378412
89.5	-5.0	201.32575833333334	0.4641300844201851
89.5	-5.5	182.95245566666665	0.5463271254793742
89.5	-6.0	168.54549733333332	0.3658589618868028
89.5	-6.5	153.328823	0.9191027898650221
89.5	-7.0	140.13398366666667	0.6010743692754557
89.5	-7.5	127.46552433333332	0.5204968787045913
89.5	-8.0	115.55877766666666	0.7000699347692979
89.5	-8.5	103.94779333333334	0.40052602822898925
89.5	-9.0	94.51539393333331	0.5495338171728182
89.5	-9.5	85.14028646666667	0.48826387861160575
89.5	-10.0	76.05050316666666	0.3165695664778471
90.0	0.0	369.30693399999996	2.0675461564321433
90.0	-0.5	356.69391666666667	1.3902676535073717
90.0	-1.0	342.6848216666667	1.739479168946042
90.0	-1.5	327.712972	2.0822757550052433
90.0	-2.0	311.6918773333333	1.5245090804210466
90.0	-2.5	290.7455013333333	1.5447870573852218
90.0	-3.0	272.58006766666665	2.0783567336771647
90.0	-3.5	254.47013233333328	1.20696153797648
90.0	-4.0	235.94460866666665	1.6628624632015963
90.0	-4.5	217.68152666666668	1.7101784407742033
90.0	-5.0	199.53884233333332	0.7085114057947279
90.0	-5.5	181.48200166666672	1.1624825677534092
90.0	-6.0	165.50253633333332	0.8797128364869349
90.0	-6.5	152.53072	0.6584166352697979
90.0	-7.0	138.24398633333334	1.1518564867840748
90.0	-7.5	125.57689100000002	0.7519352142653867
90.0	-8.0	114.31369300000001	0.5265663232214912
90.0	-8.5	102.42768933333335	0.7693327811505817
90.0	-9.0	92.14740783333332	0.7453868927713351
90.0	-9.5	83.51438060000001	0.4177770301931082
90.0	-10.0	74.59120846666666	0.6593009270646567
65.0	0.0	79.2719722	0.6810834432582349
65.0	-0.5	76.9524395	0.5977612481722249
65.0	-1.0	74.06860086666667	0.3452665407081641
65.0	-1.5	70.80178636666666	0.5037804225627125
65.0	-2.0	67.65195306666666	0.28544038074046574
65.0	-2.5	63.5236728	0.3770975269080405
65.0	-3.0	59.38103433333333	0.25496616896081653
65.0	-3.5	55.490416100000004	0.17313578889835762
65.0	-4.0	51.1441612	0.2857891768907515
65.0	-4.5	47.07577916666666	0.15992015669068174
65.0	-5.0	43.635386	0.13865654011741863
65.0	-5.5	39.87848746666666	0.2514679472011937
65.0	-6.0	36.2673619	0.19430809076924727
65.0	-6.5	33.0695232	0.152828504502356
65.0	-7.0	29.833997166666666	0.1745394195073774
65.0	-7.5	26.816711966666663	0.16715574707479314
65.0	-8.0	24.395908333333335	0.10627578700667856
65.0	-8.5	21.88983226666667	0.16308441110519686
65.0	-9.0	19.801383333333334	0.09964862244685345
65.0	-9.5	17.962964066666668	0.08086590584910039
65.0	-10.0	16.212571566666664	0.11539821882599505
65.5	0.0	102.258966	0.8198467604644175
65.5	-0.5	99.90160300000001	0.7821980694881573
65.5	-1.0	96.20193386666666	0.37111867162187123
65.5	-1.5	91.82247606666665	0.5118228780094366
65.5	-2.0	87.92784273333334	0.5022780910881891
65.5	-2.5	83.04442816666666	0.5042361590134518
65.5	-3.0	77.76431553333335	0.32892134178054694
65.5	-3.5	72.76090733333334	0.42886208880348586
65.5	-4.0	67.37470036666666	0.4372528159579981
65.5	-4.5	61.79584853333333	0.2622242634677086
65.5	-5.0	57.026675133333335	0.37974994551895447
65.5	-5.5	52.151806966666655	0.25304113279886387
65.5	-6.0	47.4073594	0.2017626619859086
65.5	-6.5	43.26036886666667	0.2715633357261535
65.5	-7.0	39.460139	0.2170419666001637
65.5	-7.5	35.4510705	0.17090572381603647
65.5	-8.0	32.210565966666664	0.1917499362148494
65.5	-8.5	29.173746466666664	0.13839120165018515
65.5	-9.0	26.24424496666667	0.14951545987399512
65.5	-9.5	23.729548433333335	0.15581828911976991
65.5	-10.0	21.5607118	0.12615502022284597
66.0	0.0	131.66871166666667	0.6869552172671483
66.0	-0.5	127.87013	0.978691365259413
66.0	-1.0	123.91299833333333	0.4299440765927847
66.0	-1.5	117.17747399999999	1.0912326354436679
66.0	-2.0	112.33733200000002	0.5621605818411672
66.0	-2.5	105.33483066666668	0.6396475237656715
66.0	-3.0	99.22850116666666	0.600992372105203
66.0	-3.5	92.67548756666667	0.46373493817993244
66.0	-4.0	85.04472193333334	0.46833189694090027
66.0	-4.5	79.17080333333332	0.35301689566113137
66.0	-5.0	73.60548416666667	0.4179520227721189
66.0	-5.5	66.83840763333333	0.2912707240324693
66.0	-6.0	61.42271743333334	0.4082445015258371
66.0	-6.5	55.50074803333334	0.27110264800649264
66.0	-7.0	50.07119396666666	0.23014978941318248
66.0	-7.5	45.271274	0.29940995055386294
66.0	-8.0	40.86657056666667	0.26775911248174616
66.0	-8.5	36.80270083333333	0.160569759635199
66.0	-9.0	33.62269093333333	0.14886309539684084
66.0	-9.5	30.18506963333333	0.22646742978744702
66.0	-10.0	27.229738966666666	0.16408332547296073
66.5	0.0	163.722499	1.4175375155525847
66.5	-0.5	155.89484566666667	0.7961011463257827
66.5	-1.0	151.59978533333333	1.212434653875508
66.5	-1.5	146.03035366666666	0.7565618123589685
66.5	-2.0	137.953521	0.5610137029452427
66.5	-2.5	131.20186333333334	0.9602781947551587
66.5	-3.0	122.59894899999999	0.6890257458172371
66.5	-3.5	113.45763733333334	0.5046973190004304
66.5	-4.0	106.56422633333334	0.48685533488558547
66.5	-4.5	98.64861373333333	0.7300053937367378
66.5	-5.0	90.93101933333334	0.40296870577364813
66.5	-5.5	83.65538923333332	0.47919138893286933
66.5	-6.0	75.75249193333333	0.49933604547932303
66.5	-6.5	68.5123779	0.36055565627919767
66.5	-7.0	62.83068166666667	0.26136199621193723
66.5	-7.5	56.4614788	0.3978649189912241
66.5	-8.0	51.21904020000001	0.3726557134102379
66.5	-8.5	46.37544836666667	0.1873327347902628
66.5	-9.0	41.72188963333333	0.2436360001912664
66.5	-9.5	37.611041	0.29845931862204156
66.5	-10.0	34.05205453333333	0.21485751417962765
67.0	0.0	193.60693999999998	0.9384096747867265
67.0	-0.5	187.52744733333336	1.5956482439935034
67.0	-1.0	181.98760366666667	1.2040090818815392
67.0	-1.5	173.578316	0.8309037690836003
67.0	-2.0	166.650985	1.1359307370793632
67.0	-2.5	156.73892533333333	1.1436066178651154
67.0	-3.0	146.771612	0.7996178783994243
67.0	-3.5	137.9370836666667	0.6482814712760864
67.0	-4.0	127.22225733333333	0.8797857995631032
67.0	-4.5	117.90558766666666	0.7236264291616376
67.0	-5.0	109.53475266666668	0.49602327515237526
67.0	-5.5	99.443705	0.5469207704975804
67.0	-6.0	90.84786856666668	0.6781012368336156
67.0	-6.5	82.83514693333333	0.3930384102992934
67.0	-7.0	74.98171083333334	0.4503062244880021
67.0	-7.5	68.17954096666668	0.45073577725580954
67.0	-8.0	62.1977018	0.3035529672013767
67.0	-8.5	55.6658107	0.2709707985414233
67.0	-9.0	50.6674983	0.35429323991167255
67.0	-9.5	45.6089404	0.2517698767019331
67.0	-10.0	40.79433806666667	0.16576111660336845
67.5	0.0	227.18824899999998	2.2002250718958307
67.5	-0.5	219.346843	0.8897855773636324
67.5	-1.0	210.7203476666667	0.8184015148209481
67.5	-1.5	203.193266	1.3139489784275002
67.5	-2.0	193.17258400000003	1.225187912231152
67.5	-2.5	181.58095933333334	0.7267621107897385
67.5	-3.0	171.68045199999997	0.8959185668143425
67.5	-3.5	159.51378133333336	0.983849886678972
67.5	-4.0	148.20321	0.6409826881957623
67.5	-4.5	138.09437333333335	0.596642098153397
67.5	-5.0	127.01511733333334	0.6710201364834163
67.5	-5.5	115.53549366666668	0.583185716525953
67.5	-6.0	105.93965499999999	0.47680318438708735
67.5	-6.5	95.71266286666666	0.4766259860601207
67.5	-7.0	87.41634803333334	0.2887078044831233
67.5	-7.5	80.10080166666667	0.29036028321820334
67.5	-8.0	72.66442636666666	0.36985336672993224
67.5	-8.5	65.36275323333334	0.33921594679920203
67.5	-9.0	59.29907996666666	0.2151776323924003
67.5	-9.5	52.9983524	0.25127129996792974
67.5	-10.0	47.79356573333333	0.21532578739930078
68.0	0.0	259.809981	1.6493434475488546
68.0	-0.5	249.2005226666667	0.5254753176755512
68.0	-1.0	239.8722233333333	1.1822169257186064
68.0	-1.5	231.1486973333333	0.829242236257227
68.0	-2.0	218.82924166666666	0.7717839360407523
68.0	-2.5	207.28294033333333	0.8655808743881495
68.0	-3.0	195.278821	0.6732592118139439
68.0	-3.5	182.47786366666668	0.6487050843127596
68.0	-4.0	170.26823933333333	0.6849402577740296
68.0	-4.5	157.489694	0.5799113883723956
68.0	-5.0	145.13865366666667	0.35498544907252344
68.0	-5.5	132.58402333333333	0.5372600538431617
68.0	-6.0	121.70542600000002	0.4711993009233637
68.0	-6.5	110.59328400000001	0.30461855931202425
68.0	-7.0	101.26444233333335	0.4709119245406253
68.0	-7.5	91.80204239999999	0.30446608477065745
68.0	-8.0	82.9303113	0.16110921195153044
68.0	-8.5	74.9874973	0.2142740729129636
68.0	-9.0	68.007112	0.19636846210462003
68.0	-9.5	60.94003763333333	0.09513754663853226
68.0	-10.0	55.04938063333333	0.15494735299965257
68.5	0.0	289.8469073333334	0.9642149193754613
68.5	-0.5	279.5878593333333	0.6782204023861946
68.5	-1.0	270.2662036666667	1.2989312299681435
68.5	-1.5	259.093322	0.8570379371120813
68.5	-2.0	246.40968266666664	0.5287810743898533
68.5	-2.5	234.76404366666668	0.8341173481150923
68.5	-3.0	219.95354933333334	0.9300646351551158
68.5	-3.5	206.35741566666667	0.9615893615370469
68.5	-4.0	193.21054	1.3820902634777488
68.5	-4.5	177.0328693333333	0.33816048299521373
68.5	-5.0	163.25659066666665	0.582604679961368
68.5	-5.5	149.50722666666667	0.5096548511383877
68.5	-6.0	136.39477833333333	0.3042877824207811
68.5	-6.5	125.06651433333336	0.3872850472127163
68.5	-7.0	114.147111	0.5420318865272902
68.5	-7.5	103.32222066666667	0.277949315474762
68.5	-8.0	93.87701450000002	0.2737944293560708
68.5	-8.5	84.25388650000001	0.22284189036418436
68.5	-9.0	76.1256223	0.2644518009002332
68.5	-9.5	68.33485016666667	0.15022242679874834
68.5	-10.0	61.39310656666667	0.11282633998116577
69.0	0.0	320.9612203333333	1.8487299928473087
69.0	-0.5	310.89506500000005	3.4012679168375386
69.0	-1.0	296.872351	1.0823904513309093
69.0	-1.5	286.6379426666667	1.0180944389951703
69.0	-2.0	272.8273466666667	0.5016834524766478
69.0	-2.5	257.354366	0.5335694025872677
69.0	-3.0	242.297715	0.34169363047667894
69.0	-3.5	228.573094	0.6406650205039559
69.0	-4.0	213.21985733333332	0.3150236387631177
69.0	-4.5	196.39380500000001	0.7329083359977558
69.0	-5.0	180.97335166666667	0.2919751290730462
69.0	-5.5	166.37266200000002	0.31066007750594604
69.0	-6.0	152.81550366666664	0.1295263859343813
69.0	-6.5	139.31632533333334	0.20737380457736096
69.0	-7.0	126.79824899999998	0.18839965764034688
69.0	-7.5	114.77409733333334	0.18002563111833744
69.0	-8.0	103.84148466666667	0.10399711100901943
69.0	-8.5	93.36430863333332	0.12523699635277735
69.0	-9.0	84.68187856666667	0.06272558816473722
69.0	-9.5	76.28827636666666	0.0724107798015279
69.0	-10.0	68.86629163333333	0.09199120794945115
69.5	0.0	350.3394643333333	1.1149811364897115
69.5	-0.5	339.43156566666664	1.071157726490932
69.5	-1.0	325.71811933333333	0.4263069251445739
69.5	-1.5	312.24994300000003	0.4508668218934883
69.5	-2.0	297.65232833333334	0.39423307217586573
69.5	-2.5	282.27848866666665	0.495090879743195
69.5	-3.0	265.6504243333334	0.2612707745001129
69.5	-3.5	249.42879233333338	0.4108784457815841
69.5	-4.0	232.09301133333332	0.4375498415855665
69.5	-4.5	214.98443400000002	0.27895098310874206
69.5	-5.0	197.57580633333333	0.2713287050053662
69.5	-5.5	181.91906566666668	0.5156539350066969
69.5	-6.0	166.77647166666668	0.31451192960504526
69.5	-6.5	152.25256866666666	0.24631820331613574
69.5	-7.0	137.56968933333334	0.19658801460471076
69.5	-7.5	125.25111233333335	0.16004377020434796
69.5	-8.0	113.29449133333333	0.19658383264709756
69.5	-8.5	102.33724866666667	0.13979454030190996
69.5	-9.0	92.52171600000001	0.17306448363928797
69.5	-9.5	83.3028722	0.15526804943009598
69.5	-10.0	74.9217843	0.1274312856804663
90.5	0.0	350.2205936666667	1.3530717778053085
90.5	-0.5	339.242329	0.9145962840286398
90.5	-1.0	324.776704	1.31163924297702
90.5	-1.5	311.07031600000005	1.2674335899015263
90.5	-2.0	294.17065600000006	1.0645288248785612
90.5	-2.5	275.2173046666667	0.5704259296159496
90.5	-3.0	257.72695	0.8538669331341998
90.5	-3.5	239.51904199999998	1.1757127728471763
90.5	-4.0	222.020171	1.2091035777628822
90.5	-4.5	203.95586366666666	1.2586765085119735
90.5	-5.0	187.8488036666667	0.29070855013206814
90.5	-5.5	171.72310933333333	0.3727668387158687
90.5	-6.0	157.05251166666667	0.09476281899505333
90.5	-6.5	142.64776966666668	0.7227742247386496
90.5	-7.0	128.15484733333335	0.17521797860442925
90.5	-7.5	116.631665	0.3116065876095476
90.5	-8.0	104.99795733333332	0.2637810699163652
90.5	-8.5	94.87065743333332	0.21609698239003397
90.5	-9.0	85.61495783333334	0.14649027650998617
90.5	-9.5	77.38449086666665	0.17446671257458296
90.5	-10.0	69.4697651	0.14261116884261416
91.0	0.0	337.317291	1.025236066955152
91.0	-0.5	326.0434956666667	0.3877419597032991
91.0	-1.0	314.5024366666667	1.0399237215563242
91.0	-1.5	300.729483	0.42883377398591094
91.0	-2.0	283.72334366666666	0.5923924680704147
91.0	-2.5	264.4409776666667	0.9989013530714062
91.0	-3.0	248.38355133333337	0.347154504553169
91.0	-3.5	229.82946666666672	0.7967170887809283
91.0	-4.0	213.39109033333332	1.0162234345063523
91.0	-4.5	195.82724833333333	1.135129196757159
91.0	-5.0	180.045544	0.7929805105196488
91.0	-5.5	165.14552366666666	0.4203066080532423
91.0	-6.0	150.35445566666667	0.4110765906347463
91.0	-6.5	136.62445400000001	0.2339734811554499
91.0	-7.0	123.71558800000001	0.29726095873715613
91.0	-7.5	111.89115266666666	0.3681379542502451
91.0	-8.0	101.20337999999998	0.1248450516974278
91.0	-8.5	91.1109689	0.43588766045407085
91.0	-9.0	82.33129733333332	0.2961833885948964
91.0	-9.5	74.21938296666667	0.2119179893886603
91.0	-10.0	66.75342353333333	0.1518497290948586
91.5	0.0	324.1482786666666	0.7737520410386994
91.5	-0.5	314.19652199999996	0.9604427736809741
91.5	-1.0	303.04121066666664	0.40881000838150805
91.5	-1.5	288.66708566666665	0.2789052628783136
91.5	-2.0	272.61992699999996	1.0757974975203284
91.5	-2.5	254.57980666666666	0.29578837134380587
91.5	-3.0	238.15048166666668	0.17243404245456267
91.5	-3.5	220.9961773333333	0.3167367759189877
91.5	-4.0	202.83130633333334	0.34080318145994865
91.5	-4.5	187.02066633333337	0.41063542995365354
91.5	-5.0	172.30691866666663	0.939463970952704
91.5	-5.5	157.50299533333333	0.4595207140542079
91.5	-6.0	144.67375833333335	0.1595022589094646
91.5	-6.5	131.67201566666668	0.3187130748618438
91.5	-7.0	119.04425166666667	0.09114416600760693
91.5	-7.5	107.72207066666667	0.1977651073189829
91.5	-8.0	97.21458956666667	0.09742439465800629
91.5	-8.5	87.99852399999999	0.2014345780247279
91.5	-9.0	79.56295516666667	0.08586551589533538
91.5	-9.5	72.11694413333333	0.09795395305405245
91.5	-10.0	64.73795993333333	0.08555790153260104
92.0	0.0	312.51175466666666	1.3816593448259602
92.0	-0.5	302.96413533333333	0.3592382083681451
92.0	-1.0	291.3747696666666	0.40252077206841624
92.0	-1.5	277.5506163333333	0.4061512958654986
92.0	-2.0	263.1414216666667	0.4931529964056691
92.0	-2.5	246.800656	0.9386458620431193
92.0	-3.0	228.44487333333333	0.2757661774442666
92.0	-3.5	212.53848333333335	0.33474488353902476
92.0	-4.0	195.217382	0.38562937052218077
92.0	-4.5	179.31426266666665	0.2427021762151201
92.0	-5.0	165.32192433333336	0.302129297831061
92.0	-5.5	151.52355466666666	0.263659115168727
92.0	-6.0	137.66213633333334	0.2740313943326363
92.0	-6.5	124.88110566666666	0.21327061330905941
92.0	-7.0	113.01926266666666	0.14846328504455955
92.0	-7.5	102.55655333333334	0.1083297427097266
92.0	-8.0	92.6725914	0.09982352157369295
92.0	-8.5	84.24105453333334	0.42997821907562844
92.0	-9.0	75.50282636666667	0.5318576443762612
92.0	-9.5	68.26035583333334	0.44949160057332804
92.0	-10.0	61.364701966666665	0.3605367055554804
92.5	0.0	297.6878246666667	2.0412371975327956
92.5	-0.5	290.71124799999996	0.7304104707829251
92.5	-1.0	278.7619856666667	0.4935254699214845
92.5	-1.5	264.66774599999997	0.2766214841331024
92.5	-2.0	250.55455199999997	0.5097611525306068
92.5	-2.5	235.74366166666667	0.5378175457630168
92.5	-3.0	220.34030466666667	0.17026531799387598
92.5	-3.5	202.9598993333333	0.7308824145279611
92.5	-4.0	186.62992399999996	0.3036662919895238
92.5	-4.5	172.01770799999997	0.18114593951470953
92.5	-5.0	157.431894	0.28298525656059637
92.5	-5.5	143.78848266666665	0.1624101424364327
92.5	-6.0	130.42117333333334	0.2305451740741681
92.5	-6.5	119.13749666666666	0.25342920508277794
92.5	-7.0	108.22673533333334	0.20794908179220734
92.5	-7.5	98.5487623	0.16451434691856942
92.5	-8.0	88.94998653333333	0.14104764525500738
92.5	-8.5	80.19883816666666	0.06762350952126256
92.5	-9.0	72.1355739	0.11794372921916313
92.5	-9.5	65.12929646666666	0.12785447005944828
92.5	-10.0	58.38371863333334	0.07640597495919776
93.0	0.0	284.6254713333333	1.0353183416281013
93.0	-0.5	272.56225266666667	1.227741080260635
93.0	-1.0	261.57447099999996	0.3120707812217187
93.0	-1.5	249.27536033333334	0.3958432347447938
93.0	-2.0	235.64746766666664	0.45755726011930853
93.0	-2.5	221.046702	0.519076731510861
93.0	-3.0	206.98426800000004	0.5395379531067918
93.0	-3.5	191.50118466666666	0.29030214816903394
93.0	-4.0	176.25986333333333	0.2927127135188279
93.0	-4.5	163.24228	0.9057281105644589
93.0	-5.0	148.92147400000002	0.7008639244941455
93.0	-5.5	138.149123	0.5759322754204678
93.0	-6.0	125.09132066666669	0.3062235792786414
93.0	-6.5	113.132596	0.17488913664757233
93.0	-7.0	102.62301766666666	0.11915137999433995
93.0	-7.5	93.47660823333334	0.2654965535536739
93.0	-8.0	84.28322273333333	0.12702652671730527
93.0	-8.5	76.5391224	0.2681384949080851
93.0	-9.0	68.19792423333334	0.10879327737845625
93.0	-9.5	61.50620386666667	0.11059546973112779
93.0	-10.0	55.32834363333334	0.14083115225734755
93.5	0.0	269.5139656666667	0.9185823337193132
93.5	-0.5	260.383363	0.6043725610617456
93.5	-1.0	252.31435266666665	1.375364093961868
93.5	-1.5	238.54408600000002	0.8607163535513112
93.5	-2.0	225.77209600000003	1.6032889471699534
93.5	-2.5	212.83512466666664	1.6826854585626554
93.5	-3.0	196.98160199999998	1.3389675254697795
93.5	-3.5	183.0796116666667	0.7446098715863818
93.5	-4.0	168.6975893333333	0.4402393349299395
93.5	-4.5	155.371891	0.15876553294822288
93.5	-5.0	142.27339566666663	0.33808005922841733
93.5	-5.5	129.55160366666667	0.10009404537678307
93.5	-6.0	116.96595466666665	0.15077231823146064
93.5	-6.5	106.84607633333334	0.11981541848424793
93.5	-7.0	97.09972313333334	0.1843298951468505
93.5	-7.5	88.02254313333333	0.1295700947988475
93.5	-8.0	79.50515973333333	0.07851517572161086
93.5	-8.5	71.81670280000002	0.11683615604266898
93.5	-9.0	64.64638049999999	0.09313999328832853
93.5	-9.5	58.45388743333334	0.06232249972585259
93.5	-10.0	52.40662479999999	0.037677792463996926
94.0	0.0	256.197539	1.5876962049289112
94.0	-0.5	246.28553233333335	0.7450999447196477
94.0	-1.0	237.615586	0.2235433230285954
94.0	-1.5	226.11082133333332	0.40543715100068983
94.0	-2.0	213.78617033333336	0.23506354882574987
94.0	-2.5	199.82922766666664	0.35532673485289945
94.0	-3.0	184.5261583333333	1.0263183881868976
94.0	-3.5	171.48780233333335	0.7061763811267129
94.0	-4.0	157.88202900000002	0.7410775403597551
94.0	-4.5	144.98780499999998	0.35335322786365786
94.0	-5.0	133.799448	0.5051698803003476
94.0	-5.5	121.863603	0.22549636373490956
94.0	-6.0	110.93567666666665	0.14798961941824001
94.0	-6.5	100.48172933333332	0.2070123572951359
94.0	-7.0	91.03838216666668	0.22338368470408065
94.0	-7.5	82.78068463333334	0.19308488803424928
94.0	-8.0	74.42664216666667	0.1311710512726505
94.0	-8.5	67.38895593333334	0.2202132227140983
94.0	-9.0	60.5695784	0.24586966316886932
94.0	-9.5	54.224877333333325	0.106246323730387
94.0	-10.0	48.776422866666664	0.13478256706185066
94.5	0.0	245.861246	1.356852719157096
94.5	-0.5	236.31644266666666	0.579787200082543
94.5	-1.0	226.32207233333332	2.9491001558274093
94.5	-1.5	212.12119099999998	0.9318057067788678
94.5	-2.0	200.05293066666664	1.0400835427308515
94.5	-2.5	186.515184	0.5532528199753404
94.5	-3.0	173.87558933333335	0.8410225482626641
94.5	-3.5	161.09453366666668	0.8457968799894496
94.5	-4.0	148.573815	0.38389621788750716
94.5	-4.5	136.39541866666667	0.2164222833218023
94.5	-5.0	124.28915800000001	0.593694846170432
94.5	-5.5	112.77755066666667	0.4246096286781803
94.5	-6.0	102.63540633333335	0.4119677413259712
94.5	-6.5	93.55105293333332	0.10875898944330528
94.5	-7.0	85.13979453333333	0.09886613955301292
94.5	-7.5	77.57024826666667	0.23730770765048742
94.5	-8.0	70.13142263333333	0.37079802632214615
94.5	-8.5	63.25601776666667	0.16523584117157758
94.5	-9.0	56.898858433333345	0.26426367503350184
94.5	-9.5	51.236927400000006	0.271503173270418
94.5	-10.0	45.9242202	0.08483224091480007
95.0	0.0	235.26270333333332	1.980179924987175
95.0	-0.5	223.86161466666664	1.0198499521260767
95.0	-1.0	214.47309966666666	2.1397198325325704
95.0	-1.5	199.40421866666665	0.7255093039960896
95.0	-2.0	187.6753426666667	0.7899786203306739
95.0	-2.5	175.3790543333333	0.6550422409136859
95.0	-3.0	164.04452999999998	0.8842959812378034
95.0	-3.5	152.420941	0.6643671541542389
95.0	-4.0	140.74725466666666	0.5454968192497138
95.0	-4.5	129.86785633333335	0.5772323174943451
95.0	-5.0	117.75885166666666	0.38929758154556027
95.0	-5.5	108.05198033333333	0.32185501178826187
95.0	-6.0	98.77976526666666	0.523033113598234
95.0	-6.5	89.77563989999999	0.36260543316115695
95.0	-7.0	81.49446856666667	0.40127147038126937
95.0	-7.5	73.8013969	0.3893166683396135
95.0	-8.0	66.1691658	0.22328105227200432
95.0	-8.5	59.8080151	0.28355293359204853
95.0	-9.0	53.9953985	0.20012814759819092
95.0	-9.5	48.59300603333333	0.09435816771005527
95.0	-10.0	43.82757513333333	0.06257717417969245
60.0	0.0	11.487710833333333	0.10353596154302566
60.0	-0.5	11.295813933333333	0.08729787217259204
60.0	-1.0	10.470196666666666	0.05003563305840705
60.0	-1.5	9.913884509999999	0.03235364959670812
60.0	-2.0	9.245697723333333	0.02109750891732927
60.0	-2.5	8.468890720000001	0.022752652844923376
60.0	-3.0	7.788506029999999	0.01411772340496515
60.0	-3.5	7.215206923333334	0.027970280336471247
60.0	-4.0	6.747061493333334	0.030094035263430918
60.0	-4.5	6.209173913333332	0.021110380402837095
60.0	-5.0	5.706867226666667	0.013876296229252072
60.0	-5.5	5.368827646666667	0.5159411740103017
60.0	-6.0	5.94339104	0.6976249004838619
60.0	-6.5	5.1503246733333325	1.562114674879609
60.0	-7.0	2.180037433333333	0.017290151921799
60.0	-7.5	1.9736098333333332	0.030886560210533147
60.0	-8.0	1.81110808	0.03374285415185858
60.0	-8.5	1.6296624800000004	0.004739426665353806
60.0	-9.0	1.4953360400000002	0.0058796253099212565
60.0	-9.5	1.3964299133333333	0.007449656425577996
60.0	-10.0	1.2959480766666667	0.007454490982004659
60.5	0.0	10.354878033333334	0.06326356250480118
60.5	-0.5	10.056843696666666	0.030953731825117976
60.5	-1.0	9.59849045	0.04010725844321488
60.5	-1.5	8.905417126666666	0.03095498409320573
60.5	-2.0	8.16784254	0.01798153444365633
60.5	-2.5	8.66740289	1.7230596402855827
60.5	-3.0	10.869535500000001	0.09009001803612876
60.5	-3.5	10.130431266666667	0.02220838555731194
60.5	-4.0	9.444114536666667	0.20372439610329438
60.5	-4.5	6.6347605566666665	2.3074624924670513
60.5	-5.0	3.879918743333333	0.5463208598019917
60.5	-5.5	7.825885386666666	0.12485230852404701
60.5	-6.0	7.52816949	0.023454114053613313
60.5	-6.5	7.189913093333334	0.01939483322686627
60.5	-7.0	6.800554689999999	0.09216909638577657
60.5	-7.5	6.627659726666666	0.021721420697672796
60.5	-8.0	6.3375665366666665	0.15159741262668477
60.5	-8.5	6.076555759999999	0.27385761253801655
60.5	-9.0	6.0118634633333325	0.022830408280156894
60.5	-9.5	5.901161386666667	0.011151819573974856
60.5	-10.0	5.787813686666666	0.01066341954886685
61.0	0.0	15.164123599999998	0.2547390604318596
61.0	-0.5	14.984691833333333	0.0854128318812356
61.0	-1.0	14.471733266666668	0.05489256367361811
61.0	-1.5	13.9323231	0.09676088625949711
61.0	-2.0	13.200534566666667	0.03291356987341581
61.0	-2.5	12.37790773333333	0.03293066980079343
61.0	-3.0	11.653143733333334	0.0726776556267162
61.0	-3.5	11.002618166666666	0.033369522821064694
61.0	-4.0	10.410757966666667	0.04165027766852888
61.0	-4.5	9.742338503333333	0.02978446098544205
61.0	-5.0	9.087485503333333	0.029554805638790052
61.0	-5.5	8.520372823333334	0.02175224172651606
61.0	-6.0	8.037847033333334	0.10115742107922134
61.0	-6.5	7.5910051900000015	0.1723933898762669
61.0	-7.0	7.262381266666666	0.027544232367755092
61.0	-7.5	6.978061193333333	0.0253444453028526
61.0	-8.0	6.756003246666667	0.031960992789010136
61.0	-8.5	6.480488483333334	0.019703823716892842
61.0	-9.0	6.31332168	0.04122718810175637
61.0	-9.5	6.138514543333334	0.022143674067133814
61.0	-10.0	6.000458876666666	0.01676606990834335
61.5	0.0	16.877774033333335	0.19291266952276329
61.5	-0.5	16.425782866666665	0.04972620328474267
61.5	-1.0	15.860056566666666	0.1273685045195458
61.5	-1.5	14.967333433333334	0.32751004717241716
61.5	-2.0	14.51197963333333	0.2473003285383966
61.5	-2.5	13.797014166666667	0.2274106593865795
61.5	-3.0	12.939179866666665	0.04738302918396935
61.5	-3.5	12.180876666666666	0.18409303003886077
61.5	-4.0	11.718227599999999	0.051801451056638685
61.5	-4.5	11.027301133333335	0.04225135412483513
61.5	-5.0	10.388176366666666	0.04367642725924618
61.5	-5.5	9.803721003333333	0.05103635644152762
61.5	-6.0	9.27063448	0.05410539545735035
61.5	-6.5	8.795497666666668	0.01723250232038931
61.5	-7.0	8.33127564	0.019122470905291858
61.5	-7.5	7.93539786	0.015594995285466868
61.5	-8.0	7.564555706666666	0.02258717339481172
61.5	-8.5	6.5739157766666665	1.6058770307950512
61.5	-9.0	6.989314433333333	0.03286055997918407
61.5	-9.5	6.6951637433333335	0.03253379544239279
61.5	-10.0	6.54295496	0.013106193576514356
62.0	0.0	21.62148423333333	0.19673810502309633
62.0	-0.5	21.026485100000002	0.17314842011404546
62.0	-1.0	20.1849047	0.09174661989001737
62.0	-1.5	19.339957566666666	0.10972342555753023
62.0	-2.0	18.226076933333335	0.06445074538950048
62.0	-2.5	17.151469100000003	0.07341236087011052
62.0	-3.0	16.028962033333336	0.04813790608102468
62.0	-3.5	14.926794766666664	0.051498087303758704
62.0	-4.0	13.955606500000002	0.034798669913518265
62.0	-4.5	12.969063799999999	0.03270004662932457
62.0	-5.0	12.096818533333334	0.031208160415435504
62.0	-5.5	11.267499433333333	0.04178302202664247
62.0	-6.0	10.517555066666667	0.031443729544413504
62.0	-6.5	9.887433263333333	0.027981076402645022
62.0	-7.0	9.358374706666666	0.027196423816020773
62.0	-7.5	8.890220143333334	0.023139783930411287
62.0	-8.0	8.465482726666666	0.019510542468930848
62.0	-8.5	8.057400063333333	0.01975523107844237
62.0	-9.0	7.663777316666667	0.029180971358627746
62.0	-9.5	7.3313266666666665	0.029902638577371164
62.0	-10.0	7.0533170033333334	0.020262082640241826
62.5	0.0	25.0130054	0.2614965978825983
62.5	-0.5	24.783502866666666	0.12716609492490089
62.5	-1.0	23.719942566666663	0.24086954857642798
62.5	-1.5	22.41974726666666	0.18407460474636061
62.5	-2.0	21.330244	0.16188246554419253
62.5	-2.5	20.128240766666664	0.15036982124552858
62.5	-3.0	18.872624633333334	0.16919621428940287
62.5	-3.5	17.5866812	0.11414760292369984
62.5	-4.0	16.28240883333333	0.08445377255421385
62.5	-4.5	15.067933633333334	0.09459975319981315
62.5	-5.0	13.9935384	0.07948050883984072
62.5	-5.5	13.103986533333334	0.06716360337749076
62.5	-6.0	12.370699666666667	0.08055721242211786
62.5	-6.5	11.591550466666668	0.05888903151789438
62.5	-7.0	10.925031666666667	0.07011675698829455
62.5	-7.5	10.240476133333333	0.050662638407234804
62.5	-8.0	9.656256479999998	0.051640703639760664
62.5	-8.5	9.13175623	0.033945304638792584
62.5	-9.0	7.4889058	1.9818022421836712
62.5	-9.5	3.659306626666667	0.019819964785218164
62.5	-10.0	3.265204376666667	0.021012550319863304
63.0	0.0	26.516757666666667	0.2637384255429779
63.0	-0.5	25.321163933333334	0.2133789201378514
63.0	-1.0	24.551957466666668	0.2258569993696208
63.0	-1.5	23.463251966666665	0.23201864024857766
63.0	-2.0	22.058127733333333	0.18659617966130912
63.0	-2.5	20.815323666666668	0.17424989520768408
63.0	-3.0	19.282974300000003	0.15279277304956757
63.0	-3.5	17.612971899999998	0.1628834018770994
63.0	-4.0	16.24658476666667	0.11145923400334412
63.0	-4.5	14.964716966666668	0.12889028466929622
63.0	-5.0	13.8746512	0.13987930268113297
63.0	-5.5	12.731915366666666	0.0633001574552983
63.0	-6.0	11.499827066666665	0.048265557430347994
63.0	-6.5	10.359683733333334	0.027416795133559196
63.0	-7.0	9.361612846666665	0.027009650058756544
63.0	-7.5	8.329075900000001	0.047914024014443536
63.0	-8.0	7.48967458	0.060153514415121824
63.0	-8.5	6.651389586666667	0.025308163447706394
63.0	-9.0	5.896943006666666	0.0357093019603197
63.0	-9.5	5.321057593333333	0.030182396223758536
63.0	-10.0	4.756897096666667	0.015593372874525568
63.5	0.0	36.61838746666667	0.487007151004564
63.5	-0.5	35.596764900000004	0.20547210832127555
63.5	-1.0	33.775679733333334	0.205310832274535
63.5	-1.5	32.157460633333336	0.35612012232803175
63.5	-2.0	29.99339206666667	0.31426033590596336
63.5	-2.5	27.74195266666667	0.418056413887993
63.5	-3.0	25.92392943333334	0.26778185271537525
63.5	-3.5	23.672516366666667	0.22605648018905705
63.5	-4.0	21.702996033333335	0.27772714285955596
63.5	-4.5	19.901718566666666	0.18230699938641656
63.5	-5.0	17.854515733333333	0.10953190429792084
63.5	-5.5	16.2799906	0.19298433968841444
63.5	-6.0	14.777458300000001	0.11768001947842861
63.5	-6.5	13.221652700000002	0.08563586483502887
63.5	-7.0	12.059220700000001	0.11417350323744123
63.5	-7.5	10.770282733333334	0.11353879185192856
63.5	-8.0	9.58606369	0.09308680959092554
63.5	-8.5	8.64957439	0.0656268155093219
63.5	-9.0	7.7893130033333335	0.0729960360458931
63.5	-9.5	6.962997746666667	0.0757693540616685
63.5	-10.0	6.325806703333333	0.06275872763129174
64.0	0.0	45.73581459999999	0.32293703526669104
64.0	-0.5	44.20910206666667	0.4158695018340836
64.0	-1.0	42.685516666666665	0.4969476709093446
64.0	-1.5	40.72735316666667	0.33328734938984045
64.0	-2.0	38.20991626666667	0.2393479984918659
64.0	-2.5	36.0629047	0.28956949255963293
64.0	-3.0	33.431267500000004	0.31133140818172633
64.0	-3.5	30.629820133333336	0.2073552768912546
64.0	-4.0	28.269770733333335	0.20175699015596849
64.0	-4.5	25.794801833333334	0.22033430919091765
64.0	-5.0	23.618326966666665	0.15234492319338666
64.0	-5.5	21.658320466666666	0.14102385406181778
64.0	-6.0	19.506329333333333	0.1193035804417546
64.0	-6.5	17.56284943333333	0.136539924050363
64.0	-7.0	15.894282866666666	0.07815550140445791
64.0	-7.5	14.203944466666668	0.06007556876730804
64.0	-8.0	12.898857399999999	0.06063491561721402
64.0	-8.5	11.612832833333334	0.0636506046473419
64.0	-9.0	10.4538372	0.031286225981412334
64.0	-9.5	9.453764003333333	0.04479913864878793
64.0	-10.0	8.51854322	0.03868121639286427
64.5	0.0	58.7428076	0.6342723256789942
64.5	-0.5	57.490867933333334	0.3369296383298183
64.5	-1.0	55.55389443333333	0.2722799809246828
64.5	-1.5	53.366661566666664	0.3125275685005707
64.5	-2.0	50.776734733333335	0.28453721682806665
64.5	-2.5	47.47316850000001	0.2702525613034655
64.5	-3.0	44.41711693333334	0.2510583971640774
64.5	-3.5	41.218213	0.2319445757884126
64.5	-4.0	37.817902000000004	0.17504037919672513
64.5	-4.5	34.68875093333333	0.1957572406642018
64.5	-5.0	31.922530733333332	0.15439749683461704
64.5	-5.5	28.973300366666663	0.1346592623000694
64.5	-6.0	26.560698733333332	0.1147238148993583
64.5	-6.5	24.135603133333333	0.09055272370383022
64.5	-7.0	21.794709166666664	0.06397940496210905
64.5	-7.5	19.662722666666667	0.10260064746167813
64.5	-8.0	17.769321966666666	0.07187960165535293
64.5	-8.5	15.94530703333333	0.039231264579824975
64.5	-9.0	14.403044633333334	0.06446021515528437
64.5	-9.5	12.93094703333333	0.034504215363714036
64.5	-10.0	11.590873633333334	0.040243968344737355
95.5	0.0	220.31299966666668	1.1133118585253732
95.5	-0.5	212.21475499999997	0.4540341400251005
95.5	-1.0	203.70346733333332	0.7058857170955914
95.5	-1.5	194.627322	0.4796966051398176
95.5	-2.0	182.78512866666668	0.245415016067794
95.5	-2.5	169.74642033333333	0.6707530770111217
95.5	-3.0	155.239794	1.9539694827616947
95.5	-3.5	142.39853200000002	0.25110960351209105
95.5	-4.0	130.21662133333336	0.3367091295835157
95.5	-4.5	119.76029233333333	0.22520149690419236
95.5	-5.0	109.17546399999999	0.21235133475131845
95.5	-5.5	100.02416550000001	0.12029696280351355
95.5	-6.0	91.31754233333332	0.08854315374186454
95.5	-6.5	82.92728793333333	0.12164572498747625
95.5	-7.0	74.9170414	0.12037870556168417
95.5	-7.5	68.00630039999999	0.14012766854969588
95.5	-8.0	60.884765866666676	0.0960007150750221
95.5	-8.5	54.90234453333334	0.06846213593499877
95.5	-9.0	49.463476299999996	0.059676052720584766
95.5	-9.5	44.54017196666667	0.09741368526785943
95.5	-10.0	40.34251046666667	0.0753439591282245
96.0	0.0	203.38411200000002	3.3434076025500334
96.0	-0.5	198.17860266666665	1.413233767685384
96.0	-1.0	192.65355099999996	0.5996584517309267
96.0	-1.5	181.44732133333335	2.478972602930143
96.0	-2.0	166.156465	3.123392859713346
96.0	-2.5	153.698754	0.20987143878415912
96.0	-3.0	143.455825	0.4413829603737917
96.0	-3.5	133.422899	0.3563777987833535
96.0	-4.0	122.49133066666667	0.520690307181619
96.0	-4.5	111.85356066666668	0.2317761800808895
96.0	-5.0	101.904736	0.2288883329719245
96.0	-5.5	93.97110156666666	0.12907501276730088
96.0	-6.0	85.74214626666667	0.324262230814396
96.0	-6.5	77.81727543333334	0.19557258545054873
96.0	-7.0	70.3560968	0.11946848341617101
96.0	-7.5	63.74564413333333	0.2439452828790008
96.0	-8.0	57.332315699999995	0.09812832406349337
96.0	-8.5	52.011826	0.08487818697403941
96.0	-9.0	46.93751766666667	0.18211050672935436
96.0	-9.5	42.23949283333333	0.07737493012579867
96.0	-10.0	38.26947603333333	0.0731892405726342
96.5	0.0	185.8409213333333	1.315380759505862
96.5	-0.5	186.82829066666665	1.5206301700872413
96.5	-1.0	178.72554933333336	0.2832553822369902
96.5	-1.5	168.73347366666667	0.6365649419395907
96.5	-2.0	159.539233	0.5825260372243755
96.5	-2.5	150.454655	0.6107182541688094
96.5	-3.0	140.332021	0.31628457527833903
96.5	-3.5	123.91625433333333	0.664650437684769
96.5	-4.0	113.25366100000001	0.2579239346764855
96.5	-4.5	103.88388866666665	0.1446919772190413
96.5	-5.0	95.53148589999999	0.12969835459451096
96.5	-5.5	87.62598793333335	0.11099757895736148
96.5	-6.0	79.76646296666668	0.1479348409217123
96.5	-6.5	72.60186186666667	0.08160296448362377
96.5	-7.0	65.44741663333333	0.11485350231199748
96.5	-7.5	59.14887853333334	0.12182379698776236
96.5	-8.0	53.155516199999994	0.11827725615783732
96.5	-8.5	48.10316116666666	0.12045108637384273
96.5	-9.0	43.5445106	0.12334235817825662
96.5	-9.5	39.0952686	0.11303394110047946
96.5	-10.0	35.461533466666666	0.08575166618390297
97.0	0.0	173.12577366666667	1.7329559324383363
97.0	-0.5	165.10661399999998	0.8998046582475547
97.0	-1.0	159.280598	0.3762455453503744
97.0	-1.5	151.79617433333334	0.32876080049364576
97.0	-2.0	143.347004	0.28322389491472283
97.0	-2.5	133.43248033333336	0.32884543828353574
97.0	-3.0	123.49352533333334	0.2976975590957302
97.0	-3.5	113.84229199999997	0.3768343872348526
97.0	-4.0	105.58570733333332	0.22119203349025837
97.0	-4.5	97.59983716666667	0.0950148368868721
97.0	-5.0	89.22281493333335	0.2951947480172967
97.0	-5.5	82.11131826666667	0.15571397937563503
97.0	-6.0	74.5847241	0.14683894087011332
97.0	-6.5	67.5318611	0.09947155853202384
97.0	-7.0	61.0059828	0.17477650072066317
97.0	-7.5	55.35874916666667	0.15826277262611563
97.0	-8.0	49.988797299999995	0.1093929575248944
97.0	-8.5	45.283632466666674	0.04855380554171053
97.0	-9.0	40.69774093333333	0.06979949821545192
97.0	-9.5	36.607743500000005	0.08996204398383795
97.0	-10.0	32.9854034	0.042739807928596614
97.5	0.0	158.31979233333334	0.6745025474682964
97.5	-0.5	153.541534	0.31348254950475446
97.5	-1.0	147.47951533333332	1.0920344795067405
97.5	-1.5	139.521097	0.20188861018971277
97.5	-2.0	131.93446233333333	0.248784559906537
97.5	-2.5	123.54580566666667	0.1641502926220025
97.5	-3.0	114.50346633333332	0.2420901310116177
97.5	-3.5	105.44760733333335	0.3724623298351421
97.5	-4.0	96.76558303333334	0.3133228176851029
97.5	-4.5	89.27387296666667	0.14810204006877187
97.5	-5.0	82.07526076666666	0.2017106876958817
97.5	-5.5	74.54811806666666	0.17412865691856202
97.5	-6.0	67.63033600000001	0.2900272570362995
97.5	-6.5	61.74983646666666	0.1981051478975634
97.5	-7.0	56.028193099999996	0.24748582564608287
97.5	-7.5	51.265425	0.22039633258064886
97.5	-8.0	46.4972455	0.16325664752085906
97.5	-8.5	41.8949472	0.11305630826639743
97.5	-9.0	37.871114033333335	0.19191960903739227
97.5	-9.5	34.05562606666667	0.11520661497441094
97.5	-10.0	30.5514607	0.06875922099745364
98.0	0.0	156.112684	2.5432503497448593
98.0	-0.5	151.4632873333333	3.007698811955671
98.0	-1.0	145.11092100000002	0.40639720400817875
98.0	-1.5	138.41870566666665	0.489867276958315
98.0	-2.0	124.05351099999999	3.179071720467942
98.0	-2.5	114.03491166666666	0.19215832325773002
98.0	-3.0	105.70329766666666	0.3974917589014333
98.0	-3.5	97.64594966666667	0.3820913316209737
98.0	-4.0	90.42718186666666	0.21768205609217195
98.0	-4.5	83.49812893333332	0.7777125084863913
98.0	-5.0	80.06101106666667	0.7138013266384857
98.0	-5.5	74.06014543333333	0.16630375868415914
98.0	-6.0	67.67498146666667	0.19292672397359048
98.0	-6.5	61.6938872	0.08920888029129559
98.0	-7.0	56.09756993333334	0.08456645416078926
98.0	-7.5	51.223768233333324	0.05146937757099395
98.0	-8.0	46.93208430000001	0.2784956666272864
98.0	-8.5	42.79134643333334	0.15012973931662843
98.0	-9.0	39.67994053333333	0.2952737938316158
98.0	-9.5	36.21204033333334	0.18814835334532046
98.0	-10.0	33.9310279	0.24438285776950483
98.5	0.0	154.13705566666667	6.593745186354107
98.5	-0.5	157.16569166666667	1.3109855946057871
98.5	-1.0	155.46042633333332	1.8576852752569712
98.5	-1.5	151.23044566666664	1.1196880135620626
98.5	-2.0	143.847582	0.4773928926394546
98.5	-2.5	136.007343	0.6792416899388608
98.5	-3.0	128.34427933333333	0.3711494011484982
98.5	-3.5	119.47139366666666	0.22675226869843854
98.5	-4.0	111.33287399999999	0.25363183578565224
98.5	-4.5	102.864857	0.12802769707241735
98.5	-5.0	94.56770523333334	0.11496994834569664
98.5	-5.5	86.858248	0.25901464636065147
98.5	-6.0	78.84446406666667	0.5473519591775137
98.5	-6.5	71.17249676666667	0.24928229862188842
98.5	-7.0	65.12209349999999	0.22904652463582634
98.5	-7.5	59.78398456666667	0.22552209405099444
98.5	-8.0	54.70868016666667	0.1449561870473473
98.5	-8.5	50.1287269	0.07012631189306441
98.5	-9.0	45.789939	0.1492994498281894
98.5	-9.5	41.67477713333333	0.12958867336222818
98.5	-10.0	38.061579200000004	0.04458898556848633
99.0	0.0	159.26667233333333	1.645076369950007
99.0	-0.5	153.71305533333333	0.306094467343371
99.0	-1.0	147.65775366666665	0.38149206761507104
99.0	-1.5	140.50784866666666	0.20656350056311612
99.0	-2.0	129.65758866666667	3.9962677029287685
99.0	-2.5	111.67306833333333	1.9131736829146542
99.0	-3.0	102.78131666666667	1.0457012229706069
99.0	-3.5	94.53749573333334	0.3849472104351394
99.0	-4.0	90.94900863333334	1.9122586777862451
99.0	-4.5	87.26497456666667	1.290573954506216
99.0	-5.0	80.388507	0.6691594586875388
99.0	-5.5	77.03573046666666	0.9649067473760263
99.0	-6.0	69.4388005	2.1349406676212537
99.0	-6.5	60.482458699999995	1.3062622725513344
99.0	-7.0	59.38858843333333	0.9852551378515512
99.0	-7.5	55.1463155	0.0839012337399356
99.0	-8.0	50.25692136666667	0.06594726822847843
99.0	-8.5	46.0236396	0.07345827876084936
99.0	-9.0	42.11647536666666	0.0706709533202918
99.0	-9.5	38.39307283333333	0.07011709201023825
99.0	-10.0	35.07393436666666	0.040605007026213946
99.5	0.0	146.33785166666667	0.9360898049851952
99.5	-0.5	141.19341433333335	0.5188869061056453
99.5	-1.0	135.58890733333334	0.5071489150925549
99.5	-1.5	128.69988366666666	1.2861158061387357
99.5	-2.0	119.33383266666668	0.8741336320415902
99.5	-2.5	109.191919	0.8220758909243112
99.5	-3.0	102.39455900000002	0.8017822014231795
99.5	-3.5	97.65620600000001	0.969609843743348
99.5	-4.0	92.31464963333332	0.49994352097665246
99.5	-4.5	83.53709366666668	1.191931098243472
99.5	-5.0	67.40540419999999	1.6110126978857207
99.5	-5.5	61.47999776666667	0.7426682351483371
99.5	-6.0	57.4304205	0.932733749242739
99.5	-6.5	52.9810822	0.7215336014465946
99.5	-7.0	50.5811035	0.9630985111041774
99.5	-7.5	45.03734333333333	0.9699400757549693
99.5	-8.0	40.9754143	0.9201535676861281
99.5	-8.5	39.20643176666667	0.16871145521534356
99.5	-9.0	35.92123226666667	0.07015110680188089
99.5	-9.5	32.31428723333334	0.19776314896110495
99.5	-10.0	29.310825066666666	0.1701363166551914
100.0	0.0	127.48278133333332	1.5829984334120133
100.0	-0.5	121.98428266666667	1.0504883633019875
100.0	-1.0	115.91716266666667	1.9859435190540762
100.0	-1.5	103.83204200000002	0.6796618558047819
100.0	-2.0	98.21372376666666	0.6689692910877737
100.0	-2.5	91.9066303	0.5098316790064901
100.0	-3.0	85.91354983333333	0.5221936497953983
100.0	-3.5	79.24505513333334	0.41914829080765953
100.0	-4.0	73.55711293333333	0.2884173336088907
100.0	-4.5	68.13578240000001	0.520390981183289
100.0	-5.0	62.68095756666667	0.3554320422191548
100.0	-5.5	58.1994669	0.5166295782031745
100.0	-6.0	54.267988233333334	0.4331783630156046
100.0	-6.5	50.12253253333333	0.5662488716765055
100.0	-7.0	45.458796299999996	0.1750428968462018
100.0	-7.5	41.185795133333336	0.4463266476505545
100.0	-8.0	34.08951963333333	2.1795495057277012
100.0	-8.5	29.076723799999996	0.21688421067525102
100.0	-9.0	26.246327433333335	0.1739199363617607
100.0	-9.5	23.330735333333337	0.15422650794061166
100.0	-10.0	21.0382879	0.13589019544074302
